# Constructed from biom file
#OTU ID	GN01P.484257	GN07P.o.484246	GN01P.o.484256	GN06P.484247	GN05P.484261	GN08P.484265	GN05P.o.484260	GN06P.o.484262	GN08P.o.484263	GN07P.484259	GN04P.484258	GN04P.o.484251	GN09P.484254	GN09P.o.484264	GN02P.484248	GN03P.484253	GN02P.o.484250	GN03P.o.484249
k__Bacteria;p__;c__;o__;f__;g__	0.0	0.00532319391635	0.0	0.0026525198939	0.00541516245487	0.00469483568075	0.0040733197556	0.0037558685446	0.000964320154291	0.00486787204451	0.0015026296018	0.00402900886382	0.00631578947368	0.00519210799585	0.00185185185185	0.00374251497006	0.00125549278092	0.0
k__Bacteria;p__Acidobacteria;c__BPC102;o__B110;f__;g__	0.0	0.0	0.0	0.0	0.0	0.0	0.0	0.00093896713615	0.0	0.000695410292072	0.0	0.0	0.00315789473684	0.0	0.0	0.0	0.0	0.0
k__Bacteria;p__Acidobacteria;c__OS-K;o__;f__;g__	0.0	0.0	0.0	0.000884173297966	0.000902527075812	0.0	0.0	0.0	0.000964320154291	0.00347705146036	0.0	0.0	0.00421052631579	0.0	0.0	0.0	0.0	0.0
k__Bacteria;p__Acidobacteria;c__RB25;o__;f__;g__	0.0	0.0	0.0	0.0	0.0	0.00093896713615	0.0	0.0	0.0	0.0	0.0	0.0	0.0	0.0	0.0	0.0	0.0	0.0
k__Bacteria;p__Acidobacteria;c__Solibacteres;o__Solibacterales;f__;g__	0.000601322910403	0.0	0.0	0.0	0.0	0.0	0.0	0.0	0.0	0.0	0.0	0.0	0.0	0.0	0.0	0.0	0.0	0.0
k__Bacteria;p__Acidobacteria;c__[Chloracidobacteria];o__RB41;f__Ellin6075;g__	0.000601322910403	0.0	0.0	0.0	0.0	0.0	0.0	0.0	0.0	0.0	0.0	0.0	0.0	0.0	0.0	0.0	0.0	0.0
k__Bacteria;p__Actinobacteria;c__Acidimicrobiia;o__Acidimicrobiales;f__;g__	0.000601322910403	0.0	0.0	0.0	0.0	0.0	0.0	0.0	0.0	0.0	0.0	0.0	0.0	0.0	0.0	0.0	0.0	0.0
k__Bacteria;p__Actinobacteria;c__Acidimicrobiia;o__Acidimicrobiales;f__C111;g__	0.0	0.000760456273764	0.0	0.0	0.0	0.0	0.0	0.0	0.0	0.000695410292072	0.0	0.0	0.0	0.0	0.0	0.000748502994012	0.0	0.0
k__Bacteria;p__Actinobacteria;c__Acidimicrobiia;o__Acidimicrobiales;f__koll13;g__	0.0	0.0	0.0	0.0	0.0	0.00093896713615	0.0	0.0	0.0	0.000695410292072	0.0	0.0	0.0	0.0	0.0	0.0	0.0	0.0
k__Bacteria;p__Actinobacteria;c__Actinobacteria;o__Actinomycetales;f__Actinomycetaceae;g__Actinomyces	0.0	0.0	0.0	0.0	0.0	0.0	0.0	0.0	0.0	0.0	0.0	0.0	0.0	0.0	0.0	0.0	0.000627746390458	0.0
k__Bacteria;p__Actinobacteria;c__Actinobacteria;o__Actinomycetales;f__Brevibacteriaceae;g__Brevibacterium	0.0	0.0	0.000568828213879	0.0	0.0	0.0	0.0	0.0	0.0	0.0	0.0	0.0	0.0	0.0	0.0	0.0	0.0	0.0
k__Bacteria;p__Actinobacteria;c__Actinobacteria;o__Actinomycetales;f__Cellulomonadaceae;g__Actinotalea	0.0	0.0	0.000568828213879	0.0	0.0	0.0	0.0	0.0	0.0	0.0	0.0	0.0	0.0	0.0	0.0	0.0	0.0	0.0
k__Bacteria;p__Actinobacteria;c__Actinobacteria;o__Actinomycetales;f__Corynebacteriaceae;g__Corynebacterium	0.0	0.0	0.000568828213879	0.0	0.0	0.0	0.0	0.0	0.0	0.0	0.0	0.0	0.0	0.0	0.0	0.0	0.0	0.0
k__Bacteria;p__Actinobacteria;c__Actinobacteria;o__Actinomycetales;f__Frankiaceae;g__	0.0	0.0	0.000568828213879	0.0	0.0	0.0	0.0	0.0	0.0	0.0	0.0	0.0	0.0	0.0	0.0	0.0	0.0	0.0
k__Bacteria;p__Actinobacteria;c__Actinobacteria;o__Actinomycetales;f__Geodermatophilaceae;g__	0.000601322910403	0.0	0.00170648464164	0.0	0.0	0.0	0.0	0.0	0.0	0.0	0.0	0.0	0.0	0.0	0.0	0.0	0.0	0.0
k__Bacteria;p__Actinobacteria;c__Actinobacteria;o__Actinomycetales;f__Intrasporangiaceae;g__	0.00180396873121	0.0	0.00113765642776	0.0	0.0	0.0	0.0	0.0	0.0	0.0	0.0	0.0	0.0	0.0	0.0	0.0	0.0	0.0
k__Bacteria;p__Actinobacteria;c__Actinobacteria;o__Actinomycetales;f__Intrasporangiaceae;g__Knoellia	0.000601322910403	0.0	0.0	0.0	0.0	0.0	0.0	0.0	0.0	0.0	0.0	0.0	0.0	0.0	0.0	0.0	0.0	0.0
k__Bacteria;p__Actinobacteria;c__Actinobacteria;o__Actinomycetales;f__Microbacteriaceae;g__	0.00120264582081	0.0	0.000568828213879	0.0	0.0	0.0	0.0	0.0	0.0	0.0	0.0	0.0	0.0	0.0	0.0	0.0	0.0	0.0
k__Bacteria;p__Actinobacteria;c__Actinobacteria;o__Actinomycetales;f__Microbacteriaceae;g__Clavibacter	0.0	0.0	0.000568828213879	0.0	0.0	0.0	0.0	0.0	0.0	0.0	0.0	0.0	0.0	0.0	0.0	0.0	0.0	0.0
k__Bacteria;p__Actinobacteria;c__Actinobacteria;o__Actinomycetales;f__Micrococcaceae;g__	0.000601322910403	0.0	0.00170648464164	0.0	0.0	0.0	0.0	0.0	0.0	0.0	0.0	0.0	0.0	0.0	0.0	0.0	0.0	0.0
k__Bacteria;p__Actinobacteria;c__Actinobacteria;o__Actinomycetales;f__Micrococcaceae;g__Microbispora	0.000601322910403	0.0	0.0	0.0	0.0	0.0	0.0	0.0	0.0	0.0	0.0	0.0	0.0	0.0	0.0	0.0	0.0	0.0
k__Bacteria;p__Actinobacteria;c__Actinobacteria;o__Actinomycetales;f__Micrococcaceae;g__Rothia	0.00120264582081	0.0	0.0	0.0	0.0	0.0	0.0	0.0	0.0	0.0	0.0	0.0	0.0	0.0	0.000617283950617	0.0	0.0	0.0
k__Bacteria;p__Actinobacteria;c__Actinobacteria;o__Actinomycetales;f__Nocardioidaceae;g__Nocardioides	0.0	0.0	0.000568828213879	0.0	0.0	0.0	0.0	0.0	0.0	0.0	0.0	0.0	0.0	0.0	0.0	0.0	0.0	0.0
k__Bacteria;p__Actinobacteria;c__Actinobacteria;o__Actinomycetales;f__Propionibacteriaceae;g__Propionibacterium	0.00120264582081	0.0	0.00170648464164	0.0	0.0	0.0	0.0	0.0	0.0	0.0	0.0	0.0	0.0	0.0	0.0	0.0	0.0	0.0
k__Bacteria;p__Actinobacteria;c__Actinobacteria;o__Actinomycetales;f__Sporichthyaceae;g__	0.00120264582081	0.0	0.00113765642776	0.0	0.0	0.0	0.0	0.0	0.0	0.0	0.0	0.0	0.0	0.0	0.0	0.0	0.0	0.0
k__Bacteria;p__Armatimonadetes;c__SJA-176;o__RB046;f__;g__	0.00240529164161	0.0121673003802	0.000568828213879	0.00618921308576	0.0189530685921	0.0093896713615	0.0152749490835	0.0150234741784	0.00771456123433	0.0139082058414	0.00976709241172	0.00161160354553	0.00631578947368	0.00415368639668	0.00185185185185	0.00299401197605	0.000627746390458	0.0
k__Bacteria;p__Armatimonadetes;c__[Fimbriimonadia];o__[Fimbriimonadales];f__;g__	0.0	0.0	0.0	0.0	0.0	0.0	0.0	0.0	0.0	0.0	0.0	0.000805801772764	0.0	0.0	0.0	0.0	0.0	0.0
k__Bacteria;p__BRC1;c__NPL-UPA2;o__;f__;g__	0.000601322910403	0.00608365019011	0.000568828213879	0.00353669319187	0.00361010830325	0.0018779342723	0.0061099796334	0.0018779342723	0.00289296046287	0.00347705146036	0.000751314800902	0.00161160354553	0.00210526315789	0.00103842159917	0.00123456790123	0.00149700598802	0.00125549278092	0.000779423226812
k__Bacteria;p__BRC1;c__PRR-11;o__;f__;g__	0.000601322910403	0.00380228136882	0.000568828213879	0.0114942528736	0.0126353790614	0.0	0.010183299389	0.00845070422535	0.000964320154291	0.00208623087622	0.00826446280992	0.0112812248187	0.00105263157895	0.00207684319834	0.00185185185185	0.00449101796407	0.00125549278092	0.00233826968044
k__Bacteria;p__Bacteroidetes;c__;o__;f__;g__	0.0	0.00760456273764	0.0	0.0026525198939	0.00451263537906	0.0093896713615	0.0050916496945	0.0018779342723	0.016393442623	0.00695410292072	0.00375657400451	0.000805801772764	0.0263157894737	0.0145379023884	0.00555555555556	0.0142215568862	0.00313873195229	0.00935307872175
k__Bacteria;p__Bacteroidetes;c__At12OctB3;o__;f__;g__	0.00120264582081	0.0	0.00113765642776	0.0	0.0	0.0	0.0	0.0	0.0	0.0	0.0	0.0	0.0	0.0	0.0	0.0	0.000627746390458	0.0
k__Bacteria;p__Bacteroidetes;c__BME43;o__;f__;g__	0.0198436560433	0.00152091254753	0.0119453924915	0.0026525198939	0.0	0.0	0.0020366598778	0.0	0.000964320154291	0.000695410292072	0.0022539444027	0.00241740531829	0.00105263157895	0.00207684319834	0.00679012345679	0.0	0.00376647834275	0.00233826968044
k__Bacteria;p__Bacteroidetes;c__Bacteroidia;o__Bacteroidales;f__;g__	0.0222489476849	0.0813688212928	0.0221843003413	0.0627763041556	0.072202166065	0.0779342723005	0.0672097759674	0.0572769953052	0.0781099324976	0.0848400556328	0.084147257701	0.0910556003223	0.0915789473684	0.0893042575286	0.120987654321	0.175898203593	0.134965473949	0.190179267342
k__Bacteria;p__Bacteroidetes;c__Bacteroidia;o__Bacteroidales;f__ML635J-40;g__	0.00420926037282	0.0	0.00113765642776	0.0	0.0	0.0	0.0	0.0	0.0	0.0	0.0105184072126	0.00322320709106	0.0	0.0	0.00308641975309	0.00748502994012	0.00376647834275	0.00467653936087
k__Bacteria;p__Bacteroidetes;c__Bacteroidia;o__Bacteroidales;f__Marinilabiaceae;g__	0.0	0.0	0.0	0.0	0.0	0.0	0.0	0.0	0.0	0.0	0.0	0.0	0.0	0.0	0.0	0.0	0.000627746390458	0.0
k__Bacteria;p__Bacteroidetes;c__Bacteroidia;o__Bacteroidales;f__SB-1;g__	0.000601322910403	0.00380228136882	0.0	0.0	0.000902527075812	0.0018779342723	0.0010183299389	0.0	0.00192864030858	0.00278164116829	0.000751314800902	0.0	0.0	0.0	0.00308641975309	0.00449101796407	0.00439422473321	0.00545596258769
k__Bacteria;p__Bacteroidetes;c__Cytophagia;o__Cytophagales;f__;g__	0.0	0.0	0.000568828213879	0.0	0.0	0.0	0.0	0.0	0.0	0.0	0.0	0.0	0.0	0.0	0.0	0.0	0.000627746390458	0.0
k__Bacteria;p__Bacteroidetes;c__Cytophagia;o__Cytophagales;f__Cyclobacteriaceae;g__	0.00180396873121	0.0	0.000568828213879	0.0	0.0	0.0	0.0	0.0	0.0	0.0	0.0	0.0	0.0	0.0	0.0	0.0	0.0	0.0
k__Bacteria;p__Bacteroidetes;c__Cytophagia;o__Cytophagales;f__Cytophagaceae;g__Adhaeribacter	0.0	0.0	0.000568828213879	0.0	0.0	0.0	0.0	0.0	0.0	0.0	0.0	0.0	0.0	0.0	0.0	0.0	0.0	0.0
k__Bacteria;p__Bacteroidetes;c__Cytophagia;o__Cytophagales;f__Cytophagaceae;g__Dyadobacter	0.000601322910403	0.0	0.0	0.0	0.0	0.0	0.0	0.0	0.0	0.0	0.0	0.0	0.0	0.0	0.0	0.0	0.0	0.0
k__Bacteria;p__Bacteroidetes;c__Cytophagia;o__Cytophagales;f__Cytophagaceae;g__Hymenobacter	0.00180396873121	0.0	0.000568828213879	0.0	0.0	0.0	0.0	0.0	0.0	0.0	0.0	0.0	0.0	0.0	0.0	0.0	0.0	0.0
k__Bacteria;p__Bacteroidetes;c__Cytophagia;o__Cytophagales;f__Cytophagaceae;g__Pontibacter	0.0	0.0	0.00113765642776	0.0	0.0	0.0	0.0	0.0	0.0	0.0	0.0	0.0	0.0	0.0	0.0	0.0	0.0	0.0
k__Bacteria;p__Bacteroidetes;c__Cytophagia;o__Cytophagales;f__Flammeovirgaceae;g__	0.0306674684305	0.000760456273764	0.0204778156997	0.00353669319187	0.00180505415162	0.00469483568075	0.0030549898167	0.0056338028169	0.00192864030858	0.00278164116829	0.00525920360631	0.00161160354553	0.00105263157895	0.0	0.00864197530864	0.00374251497006	0.0075329566855	0.00311769290725
k__Bacteria;p__Bacteroidetes;c__Cytophagia;o__Cytophagales;f__Flammeovirgaceae;g__Flexithrix	0.000601322910403	0.0	0.0	0.0	0.0	0.0	0.0	0.0	0.0	0.0	0.0	0.0	0.0	0.0	0.0	0.0	0.0	0.0
k__Bacteria;p__Bacteroidetes;c__Flavobacteriia;o__;f__;g__	0.0	0.00152091254753	0.0	0.0026525198939	0.00541516245487	0.0	0.0030549898167	0.0037558685446	0.0	0.00417246175243	0.00375657400451	0.0	0.0	0.00311526479751	0.0	0.00523952095808	0.000627746390458	0.0062353858145
k__Bacteria;p__Bacteroidetes;c__Flavobacteriia;o__Flavobacteriales;f__Cryomorphaceae;g__	0.00120264582081	0.0	0.0	0.0	0.0	0.0	0.0	0.0	0.0	0.0	0.0	0.0	0.0	0.0	0.000617283950617	0.0	0.0	0.0
k__Bacteria;p__Bacteroidetes;c__Flavobacteriia;o__Flavobacteriales;f__Cryomorphaceae;g__Cryomorpha	0.0120264582081	0.0	0.0125142207053	0.00618921308576	0.0	0.0	0.0	0.00469483568075	0.0	0.000695410292072	0.00901577761082	0.0112812248187	0.0	0.0	0.00740740740741	0.00299401197605	0.00941619585687	0.00233826968044
k__Bacteria;p__Bacteroidetes;c__Flavobacteriia;o__Flavobacteriales;f__Cryomorphaceae;g__Owenweeksia	0.00120264582081	0.0	0.0	0.0	0.0	0.0	0.0	0.0	0.0	0.0	0.0	0.00161160354553	0.0	0.0	0.0	0.0	0.000627746390458	0.0
k__Bacteria;p__Bacteroidetes;c__Flavobacteriia;o__Flavobacteriales;f__Flavobacteriaceae;g__	0.0120264582081	0.000760456273764	0.0199089874858	0.000884173297966	0.0	0.0018779342723	0.0	0.0	0.0	0.00278164116829	0.00300525920361	0.000805801772764	0.0	0.0	0.00740740740741	0.00748502994012	0.00251098556183	0.00467653936087
k__Bacteria;p__Bacteroidetes;c__Flavobacteriia;o__Flavobacteriales;f__Flavobacteriaceae;g__Robiginitalea	0.000601322910403	0.0	0.0	0.0	0.0	0.0	0.0	0.0	0.0	0.0	0.0	0.0	0.0	0.0	0.0	0.0	0.000627746390458	0.0
k__Bacteria;p__Bacteroidetes;c__Flavobacteriia;o__Flavobacteriales;f__[Weeksellaceae];g__	0.0	0.0	0.000568828213879	0.0	0.0	0.0	0.0	0.0	0.0	0.0	0.0	0.0	0.0	0.0	0.0	0.0	0.0	0.0
k__Bacteria;p__Bacteroidetes;c__SB-5;o__;f__;g__	0.0	0.00152091254753	0.0	0.00442086648983	0.00361010830325	0.0018779342723	0.0132382892057	0.0037558685446	0.000964320154291	0.00278164116829	0.00375657400451	0.00322320709106	0.00210526315789	0.0	0.00123456790123	0.00374251497006	0.000627746390458	0.00233826968044
k__Bacteria;p__Bacteroidetes;c__SM1A07;o__;f__;g__	0.00721587492483	0.0	0.0125142207053	0.0	0.0	0.0	0.0	0.0	0.0	0.0	0.0	0.0	0.0	0.0	0.00493827160494	0.00149700598802	0.00816070307596	0.000779423226812
k__Bacteria;p__Bacteroidetes;c__Sphingobacteriia;o__Sphingobacteriales;f__Sphingobacteriaceae;g__	0.0	0.0	0.000568828213879	0.0	0.0	0.0	0.0	0.0	0.0	0.0	0.0	0.0	0.0	0.0	0.0	0.0	0.0	0.0
k__Bacteria;p__Bacteroidetes;c__[Rhodothermi];o__[Rhodothermales];f__Rhodothermaceae;g__	0.0	0.0	0.0	0.0	0.0	0.0	0.0010183299389	0.0	0.0	0.0	0.0	0.0	0.0	0.0	0.0	0.0	0.0	0.0
k__Bacteria;p__Bacteroidetes;c__[Rhodothermi];o__[Rhodothermales];f__[Balneolaceae];g__KSA1	0.0	0.0	0.0	0.0	0.0	0.0	0.0	0.0	0.0	0.0	0.000751314800902	0.0	0.0	0.0	0.0	0.000748502994012	0.0	0.0
k__Bacteria;p__Bacteroidetes;c__[Saprospirae];o__[Saprospirales];f__;g__	0.00180396873121	0.0	0.00227531285552	0.0	0.0	0.0	0.0	0.0	0.0	0.0	0.0	0.000805801772764	0.0	0.0	0.000617283950617	0.0	0.0	0.0
k__Bacteria;p__Bacteroidetes;c__[Saprospirae];o__[Saprospirales];f__Chitinophagaceae;g__	0.00180396873121	0.0	0.0	0.0	0.0	0.0	0.0	0.0	0.0	0.0	0.000751314800902	0.0	0.0	0.0	0.0	0.0	0.0	0.00155884645362
k__Bacteria;p__Bacteroidetes;c__[Saprospirae];o__[Saprospirales];f__Saprospiraceae;g__	0.0547203848467	0.0326996197719	0.047212741752	0.0627763041556	0.0370036101083	0.0920187793427	0.0325865580448	0.0394366197183	0.076181292189	0.0410292072323	0.100676183321	0.0757453666398	0.0515789473684	0.0353063343718	0.0413580246914	0.0254491017964	0.0376647834275	0.0187061574435
k__Bacteria;p__Bacteroidetes;c__[Saprospirae];o__[Saprospirales];f__Saprospiraceae;g__Saprospira	0.0	0.0	0.0	0.0	0.0	0.0	0.0	0.0	0.0	0.0	0.0	0.0	0.0	0.0	0.00123456790123	0.0	0.0	0.0
k__Bacteria;p__Caldiserica;c__OP5;o__LF045;f__;g__	0.0	0.0448669201521	0.0	0.0565870910698	0.102888086643	0.0159624413146	0.0967413441955	0.0723004694836	0.0154291224687	0.0299026425591	0.00826446280992	0.0145044319098	0.00947368421053	0.0145379023884	0.0	0.0	0.0	0.0
k__Bacteria;p__Caldithrix;c__Caldithrixae;o__Caldithrixales;f__Caldithrixaceae;g__	0.0	0.000760456273764	0.0	0.0	0.0	0.00281690140845	0.0	0.0	0.0	0.0	0.0	0.0	0.00105263157895	0.0	0.0	0.0	0.0	0.0
k__Bacteria;p__Chlorobi;c__Ignavibacteria;o__Ignavibacteriales;f__Ignavibacteriaceae;g__	0.0	0.00152091254753	0.00113765642776	0.00442086648983	0.00180505415162	0.00093896713615	0.0030549898167	0.0018779342723	0.000964320154291	0.00139082058414	0.00826446280992	0.0120870265915	0.0	0.0	0.00308641975309	0.0059880239521	0.00376647834275	0.00467653936087
k__Bacteria;p__Chlorobi;c__OPB56;o__;f__;g__	0.000601322910403	0.00152091254753	0.00113765642776	0.00353669319187	0.000902527075812	0.0	0.0	0.0018779342723	0.0	0.0	0.00375657400451	0.00161160354553	0.0	0.0	0.00493827160494	0.00374251497006	0.00564971751412	0.0062353858145
k__Bacteria;p__Chloroflexi;c__Anaerolineae;o__;f__;g__	0.0	0.00152091254753	0.0	0.0	0.0	0.0	0.0	0.0018779342723	0.00289296046287	0.0	0.0	0.000805801772764	0.00105263157895	0.0	0.0	0.0	0.000627746390458	0.0
k__Bacteria;p__Chloroflexi;c__Anaerolineae;o__Anaerolineales;f__Anaerolinaceae;g__T78	0.0	0.0	0.0	0.0	0.00451263537906	0.0	0.0020366598778	0.0018779342723	0.0	0.0	0.00300525920361	0.00161160354553	0.0	0.0	0.0	0.000748502994012	0.0	0.00155884645362
k__Bacteria;p__Chloroflexi;c__Anaerolineae;o__Caldilineales;f__Caldilineaceae;g__	0.0	0.0	0.00113765642776	0.0	0.0	0.0	0.0	0.0	0.0	0.0	0.0	0.0	0.0	0.0	0.0	0.0	0.0	0.0
k__Bacteria;p__Chloroflexi;c__Anaerolineae;o__MSB-1E9;f__;g__	0.000601322910403	0.0425855513308	0.0	0.0123784261715	0.0072202166065	0.0572769953052	0.0050916496945	0.0056338028169	0.0337512054002	0.0521557719054	0.00601051840721	0.00402900886382	0.0768421052632	0.0955347871236	0.00123456790123	0.00299401197605	0.000627746390458	0.000779423226812
k__Bacteria;p__Chloroflexi;c__Anaerolineae;o__O4D2Z37;f__;g__	0.0	0.0121673003802	0.0	0.0106100795756	0.00902527075812	0.00657276995305	0.0112016293279	0.01220657277	0.0125361620058	0.00904033379694	0.00901577761082	0.0128928283642	0.00947368421053	0.00311526479751	0.0	0.000748502994012	0.0	0.0
k__Bacteria;p__Chloroflexi;c__Anaerolineae;o__OPB11;f__;g__	0.00240529164161	0.107984790875	0.0028441410694	0.0866489832007	0.107400722022	0.167136150235	0.0773930753564	0.075117370892	0.164898746384	0.141168289291	0.0706235912847	0.0572119258662	0.171578947368	0.176531671859	0.0246913580247	0.0508982035928	0.0175768989328	0.0475448168355
k__Bacteria;p__Chloroflexi;c__Anaerolineae;o__S0208;f__;g__	0.00180396873121	0.00532319391635	0.000568828213879	0.00707338638373	0.00541516245487	0.018779342723	0.0061099796334	0.00469483568075	0.0144648023144	0.00556328233658	0.0180315552216	0.0225624496374	0.0126315789474	0.00519210799585	0.00493827160494	0.00299401197605	0.000627746390458	0.00155884645362
k__Bacteria;p__Chloroflexi;c__Anaerolineae;o__SBR1031;f__A4b;g__	0.00841852074564	0.000760456273764	0.00739476678043	0.00618921308576	0.0	0.0	0.0	0.00469483568075	0.0	0.00278164116829	0.00450788880541	0.00564061240935	0.0	0.0	0.0037037037037	0.00149700598802	0.00251098556183	0.00467653936087
k__Bacteria;p__Chloroflexi;c__Anaerolineae;o__SBR1031;f__SHA-31;g__	0.0	0.0121673003802	0.0	0.0371352785146	0.0117328519856	0.0300469483568	0.0081466395112	0.0225352112676	0.0192864030858	0.0166898470097	0.00676183320811	0.00161160354553	0.04	0.0321910695742	0.0	0.000748502994012	0.0	0.0
k__Bacteria;p__Chloroflexi;c__Anaerolineae;o__SBR1031;f__SJA-101;g__	0.00841852074564	0.00456273764259	0.00682593856655	0.0106100795756	0.00270758122744	0.00093896713615	0.0061099796334	0.0103286384977	0.00192864030858	0.0076495132128	0.0127723516153	0.0145044319098	0.0	0.00103842159917	0.0037037037037	0.00523952095808	0.00251098556183	0.0101325019486
k__Bacteria;p__Chloroflexi;c__Anaerolineae;o__SHA-20;f__;g__	0.0	0.0	0.0	0.0	0.0	0.0018779342723	0.0	0.0	0.000964320154291	0.0	0.0	0.0	0.0	0.0	0.0	0.0	0.0	0.0
k__Bacteria;p__Chloroflexi;c__Chloroflexi;o__Chloroflexales;f__01D2Z48;g__	0.00601322910403	0.0	0.0119453924915	0.0	0.0	0.0	0.0	0.0	0.0	0.0	0.0195341848234	0.0185334407736	0.0	0.0	0.0037037037037	0.0104790419162	0.00251098556183	0.0148090413094
k__Bacteria;p__Chloroflexi;c__Chloroflexi;o__Chloroflexales;f__SBYO_3720;g__	0.0	0.0	0.0	0.0	0.0	0.0	0.0	0.0	0.0	0.0	0.000751314800902	0.0	0.0	0.0	0.0	0.0	0.0	0.0
k__Bacteria;p__Chloroflexi;c__Chloroflexi;o__Chloroflexales;f__[Chlorothrixaceae];g__	0.0438965724594	0.0	0.0369738339022	0.000884173297966	0.0	0.00093896713615	0.0010183299389	0.0018779342723	0.0	0.0	0.0135236664162	0.013698630137	0.0	0.0	0.0240740740741	0.00823353293413	0.0338983050847	0.00857365549493
k__Bacteria;p__Chloroflexi;c__Chloroflexi;o__Chloroflexales;f__[Chlorothrixaceae];g__Candidatus Chlorothrix	0.0	0.0	0.0	0.0	0.0	0.0	0.0	0.0	0.0	0.0	0.0	0.0	0.0	0.0	0.000617283950617	0.0	0.000627746390458	0.0
k__Bacteria;p__Chloroflexi;c__Dehalococcoidetes;o__GIF9;f__;g__	0.0	0.0	0.0	0.0	0.0	0.0	0.0	0.0	0.0	0.000695410292072	0.0	0.0	0.0	0.0	0.0	0.0	0.0	0.0
k__Bacteria;p__Chloroflexi;c__MVP-21;o__;f__;g__	0.00180396873121	0.0	0.00170648464164	0.0	0.00180505415162	0.0	0.0	0.0	0.0	0.000695410292072	0.0	0.0	0.0	0.0	0.000617283950617	0.0	0.000627746390458	0.0
k__Bacteria;p__Chloroflexi;c__Thermomicrobia;o__JG30-KF-CM45;f__;g__	0.0	0.0	0.000568828213879	0.0	0.0	0.0	0.0	0.0	0.0	0.0	0.0	0.0	0.0	0.0	0.0	0.0	0.0	0.0
k__Bacteria;p__Cyanobacteria;c__4C0d-2;o__SM1D11;f__;g__	0.0	0.0	0.0	0.0	0.0	0.0	0.0	0.0	0.0	0.0	0.000751314800902	0.000805801772764	0.0	0.0	0.0	0.0	0.0	0.000779423226812
k__Bacteria;p__Cyanobacteria;c__4C0d-2;o__YS2;f__;g__	0.0	0.00456273764259	0.00113765642776	0.000884173297966	0.000902527075812	0.0018779342723	0.0010183299389	0.0018779342723	0.00192864030858	0.00139082058414	0.0015026296018	0.0	0.0	0.00207684319834	0.00123456790123	0.00224550898204	0.00313873195229	0.00311769290725
k__Bacteria;p__Cyanobacteria;c__Chloroplast;o__Chlorophyta;f__;g__	0.00420926037282	0.000760456273764	0.00682593856655	0.000884173297966	0.000902527075812	0.00093896713615	0.0	0.0	0.0	0.000695410292072	0.0015026296018	0.00161160354553	0.0	0.0	0.00246913580247	0.0	0.000627746390458	0.000779423226812
k__Bacteria;p__Cyanobacteria;c__Chloroplast;o__Haptophyceae;f__;g__	0.000601322910403	0.0	0.000568828213879	0.0	0.0	0.0	0.0	0.0	0.0	0.0	0.0	0.0	0.0	0.0	0.0	0.0	0.0	0.0
k__Bacteria;p__Cyanobacteria;c__Chloroplast;o__Stramenopiles;f__;g__	0.0108238123873	0.00152091254753	0.0102389078498	0.00176834659593	0.0	0.0	0.0	0.00093896713615	0.00192864030858	0.000695410292072	0.0	0.0	0.0	0.0	0.000617283950617	0.0	0.00376647834275	0.0
k__Bacteria;p__Cyanobacteria;c__Chloroplast;o__Streptophyta;f__;g__	0.00721587492483	0.0	0.0113765642776	0.0	0.0	0.0	0.0	0.0	0.0	0.0	0.0	0.0	0.0	0.0	0.0	0.0	0.0	0.0
k__Bacteria;p__Cyanobacteria;c__Gloeobacterophycideae;o__Gloeobacterales;f__Gloeobacteraceae;g__Gloeobacter	0.000601322910403	0.0	0.00227531285552	0.0	0.0	0.0	0.0	0.0	0.0	0.0	0.0	0.0	0.0	0.0	0.0	0.0	0.00188323917137	0.0
k__Bacteria;p__Cyanobacteria;c__Nostocophycideae;o__Stigonematales;f__Rivulariaceae;g__Calothrix	0.00120264582081	0.0	0.000568828213879	0.0	0.0	0.0	0.0	0.0	0.0	0.0	0.0	0.0	0.0	0.0	0.0	0.0	0.0	0.0
k__Bacteria;p__Cyanobacteria;c__Oscillatoriophycideae;o__Chroococcales;f__Cyanobacteriaceae;g__	0.0336740829826	0.00304182509506	0.0500568828214	0.0	0.0	0.00093896713615	0.0	0.0	0.0	0.0	0.00450788880541	0.00483481063658	0.00105263157895	0.0	0.0364197530864	0.0	0.037037037037	0.000779423226812
k__Bacteria;p__Cyanobacteria;c__Oscillatoriophycideae;o__Chroococcales;f__Cyanobacteriaceae;g__Cyanothece	0.0619362597715	0.00456273764259	0.0665529010239	0.0026525198939	0.00631768953069	0.0018779342723	0.0061099796334	0.0093896713615	0.00289296046287	0.00278164116829	0.00450788880541	0.00483481063658	0.00105263157895	0.00103842159917	0.0364197530864	0.0254491017964	0.0458254865035	0.0218238503507
k__Bacteria;p__Cyanobacteria;c__Oscillatoriophycideae;o__Chroococcales;f__Spirulinaceae;g__Spirulina	0.13469633193	0.00228136882129	0.150170648464	0.0053050397878	0.00451263537906	0.0037558685446	0.0091649694501	0.0018779342723	0.00192864030858	0.00278164116829	0.00976709241172	0.00402900886382	0.0	0.0	0.0808641975309	0.0284431137725	0.0797237915882	0.0257209664848
k__Bacteria;p__Cyanobacteria;c__Oscillatoriophycideae;o__Oscillatoriales;f__Phormidiaceae;g__	0.00781719783524	0.0	0.0102389078498	0.0	0.0	0.0	0.0	0.0	0.0	0.0	0.0	0.0	0.0	0.0	0.00123456790123	0.000748502994012	0.00313873195229	0.000779423226812
k__Bacteria;p__Cyanobacteria;c__Oscillatoriophycideae;o__Oscillatoriales;f__Phormidiaceae;g__Microcoleus	0.143716175586	0.00228136882129	0.127417519909	0.00884173297966	0.00180505415162	0.0	0.0061099796334	0.00469483568075	0.0	0.00417246175243	0.00601051840721	0.00402900886382	0.0	0.00103842159917	0.0722222222222	0.0172155688623	0.075329566855	0.0109119251754
k__Bacteria;p__Cyanobacteria;c__Oscillatoriophycideae;o__Oscillatoriales;f__Phormidiaceae;g__Oscillatoria	0.00180396873121	0.0	0.00170648464164	0.0	0.0	0.0	0.0	0.0	0.0	0.0	0.0	0.0	0.0	0.0	0.000617283950617	0.0	0.000627746390458	0.0
k__Bacteria;p__Cyanobacteria;c__Synechococcophycideae;o__Pseudanabaenales;f__Pseudanabaenaceae;g__	0.00360793746242	0.0	0.00113765642776	0.0	0.0	0.00469483568075	0.0	0.0	0.000964320154291	0.0	0.000751314800902	0.00161160354553	0.00105263157895	0.00207684319834	0.00123456790123	0.00149700598802	0.000627746390458	0.000779423226812
k__Bacteria;p__Cyanobacteria;c__Synechococcophycideae;o__Pseudanabaenales;f__Pseudanabaenaceae;g__Halomicronema	0.00240529164161	0.0	0.00341296928328	0.0	0.0	0.0	0.0	0.0	0.0	0.0	0.0	0.000805801772764	0.0	0.0	0.00123456790123	0.000748502994012	0.0	0.0
k__Bacteria;p__Cyanobacteria;c__Synechococcophycideae;o__Pseudanabaenales;f__Pseudanabaenaceae;g__Leptolyngbya	0.0414912808178	0.00152091254753	0.0403868031854	0.0	0.00180505415162	0.0	0.0	0.00281690140845	0.00192864030858	0.000695410292072	0.0450788880541	0.0652699435939	0.0	0.0	0.0283950617284	0.0553892215569	0.030131826742	0.0506625097428
k__Bacteria;p__Fibrobacteres;c__B5-096;o__;f__;g__	0.0	0.0	0.0	0.0	0.0	0.0	0.0	0.0	0.000964320154291	0.0	0.0015026296018	0.00161160354553	0.0	0.0	0.0	0.0	0.0	0.0
k__Bacteria;p__Fibrobacteres;c__TG3;o__;f__;g__	0.0	0.0	0.0	0.000884173297966	0.00180505415162	0.0	0.0	0.00093896713615	0.0	0.0	0.0015026296018	0.0	0.0	0.0	0.00123456790123	0.000748502994012	0.0	0.00155884645362
k__Bacteria;p__Fibrobacteres;c__TG3;o__TG3-1;f__;g__	0.0	0.00456273764259	0.0	0.0167992926614	0.0072202166065	0.0037558685446	0.0061099796334	0.0103286384977	0.00192864030858	0.00973574408901	0.022539444027	0.016921837228	0.00736842105263	0.00519210799585	0.00185185185185	0.00449101796407	0.0	0.00389711613406
k__Bacteria;p__Fibrobacteres;c__TG3;o__TG3-1;f__B122;g__	0.0	0.000760456273764	0.0	0.0	0.000902527075812	0.0	0.0	0.0	0.0	0.0	0.000751314800902	0.0	0.00105263157895	0.0	0.0	0.0	0.0	0.0
k__Bacteria;p__Fibrobacteres;c__TG3;o__TG3-1;f__MAT-CR-H6-H10;g__	0.0	0.0	0.0	0.0026525198939	0.00812274368231	0.00281690140845	0.0050916496945	0.00657276995305	0.00289296046287	0.000695410292072	0.00601051840721	0.00644641418211	0.00210526315789	0.00311526479751	0.000617283950617	0.00224550898204	0.0	0.00389711613406
k__Bacteria;p__Firmicutes;c__Bacilli;o__Bacillales;f__Bacillaceae;g__Bacillus	0.0	0.0	0.000568828213879	0.0	0.0	0.0	0.0	0.0	0.0	0.0	0.0	0.0	0.0	0.0	0.0	0.0	0.0	0.0
k__Bacteria;p__Firmicutes;c__Bacilli;o__Bacillales;f__Bacillaceae;g__Natronobacillus	0.0	0.0	0.0	0.0	0.0	0.0	0.0	0.0	0.0	0.0	0.0	0.0	0.0	0.0	0.0	0.000748502994012	0.0	0.0
k__Bacteria;p__Firmicutes;c__Bacilli;o__Bacillales;f__Paenibacillaceae;g__Paenibacillus	0.0	0.0	0.00113765642776	0.0	0.0	0.0	0.0	0.0	0.0	0.0	0.0	0.0	0.0	0.0	0.0	0.0	0.0	0.0
k__Bacteria;p__Firmicutes;c__Bacilli;o__Bacillales;f__Planococcaceae;g__Planomicrobium	0.000601322910403	0.0	0.0	0.0	0.0	0.0	0.0	0.0	0.0	0.0	0.0	0.0	0.0	0.0	0.0	0.0	0.0	0.0
k__Bacteria;p__Firmicutes;c__Bacilli;o__Bacillales;f__Planococcaceae;g__Rummeliibacillus	0.00120264582081	0.0	0.00170648464164	0.0	0.0	0.0	0.0	0.0	0.0	0.0	0.0	0.0	0.0	0.0	0.0	0.0	0.0	0.0
k__Bacteria;p__Firmicutes;c__Bacilli;o__Bacillales;f__Planococcaceae;g__Sporosarcina	0.000601322910403	0.0	0.0	0.0	0.0	0.0	0.0	0.0	0.0	0.0	0.0	0.0	0.0	0.0	0.0	0.0	0.0	0.0
k__Bacteria;p__Firmicutes;c__Bacilli;o__Bacillales;f__Staphylococcaceae;g__Jeotgalicoccus	0.00120264582081	0.0	0.00113765642776	0.0	0.0	0.0	0.0	0.0	0.0	0.0	0.0	0.0	0.0	0.0	0.0	0.0	0.0	0.0
k__Bacteria;p__Firmicutes;c__Bacilli;o__Bacillales;f__Staphylococcaceae;g__Macrococcus	0.0	0.0	0.000568828213879	0.0	0.0	0.0	0.0	0.0	0.0	0.0	0.0	0.0	0.0	0.0	0.0	0.0	0.0	0.0
k__Bacteria;p__Firmicutes;c__Bacilli;o__Bacillales;f__Staphylococcaceae;g__Staphylococcus	0.00240529164161	0.0	0.0028441410694	0.0	0.0	0.0	0.0	0.0	0.0	0.0	0.0	0.0	0.0	0.0	0.0	0.0	0.0	0.0
k__Bacteria;p__Firmicutes;c__Bacilli;o__Bacillales;f__Thermoactinomycetaceae;g__	0.000601322910403	0.0	0.000568828213879	0.0	0.0	0.0	0.0	0.0	0.0	0.0	0.0	0.0	0.0	0.0	0.0	0.0	0.0	0.0
k__Bacteria;p__Firmicutes;c__Bacilli;o__Bacillales;f__[Exiguobacteraceae];g__Exiguobacterium	0.00120264582081	0.0	0.000568828213879	0.0	0.0	0.0	0.0	0.0	0.0	0.0	0.0	0.0	0.0	0.0	0.0	0.0	0.0	0.0
k__Bacteria;p__Firmicutes;c__Bacilli;o__Lactobacillales;f__Leuconostocaceae;g__	0.00120264582081	0.0	0.0	0.0	0.0	0.0	0.0	0.0	0.0	0.0	0.0	0.0	0.0	0.0	0.0	0.0	0.0	0.0
k__Bacteria;p__Firmicutes;c__Bacilli;o__Lactobacillales;f__Leuconostocaceae;g__Weissella	0.00481058328322	0.0	0.00170648464164	0.0	0.0	0.0	0.0	0.0	0.0	0.0	0.0	0.0	0.0	0.0	0.0	0.0	0.0	0.0
k__Bacteria;p__Firmicutes;c__Bacilli;o__Lactobacillales;f__Streptococcaceae;g__	0.0	0.0	0.000568828213879	0.0	0.0	0.0	0.0	0.0	0.0	0.0	0.0	0.0	0.0	0.0	0.000617283950617	0.0	0.0	0.0
k__Bacteria;p__Firmicutes;c__Bacilli;o__Lactobacillales;f__Streptococcaceae;g__Lactococcus	0.000601322910403	0.0	0.0	0.0	0.0	0.0	0.0	0.0	0.0	0.0	0.0	0.0	0.0	0.0	0.0	0.0	0.0	0.0
k__Bacteria;p__Firmicutes;c__Bacilli;o__Lactobacillales;f__Streptococcaceae;g__Streptococcus	0.0	0.0	0.0	0.0	0.0	0.0	0.0	0.0	0.0	0.0	0.0	0.0	0.0	0.0	0.0	0.0	0.000627746390458	0.0
k__Bacteria;p__Firmicutes;c__Clostridia;o__Clostridiales;f__;g__	0.0	0.0	0.0	0.000884173297966	0.00180505415162	0.0	0.0	0.00093896713615	0.0	0.0	0.0	0.0	0.0	0.00207684319834	0.0	0.0	0.0	0.0
k__Bacteria;p__Firmicutes;c__Clostridia;o__Clostridiales;f__Caldicoprobacteraceae;g__Caldicoprobacter	0.0	0.0	0.0	0.0	0.0	0.0	0.0	0.0	0.0	0.0	0.0	0.0	0.0	0.0	0.0	0.00149700598802	0.0	0.0
k__Bacteria;p__Firmicutes;c__Clostridia;o__Clostridiales;f__Christensenellaceae;g__	0.0	0.0	0.000568828213879	0.0	0.0	0.0	0.0	0.0	0.0	0.0	0.0	0.0	0.0	0.0	0.0	0.0	0.0	0.0
k__Bacteria;p__Firmicutes;c__Clostridia;o__Clostridiales;f__Clostridiaceae;g__Clostridiisalibacter	0.0	0.0	0.0	0.000884173297966	0.0	0.0	0.0	0.0	0.0	0.0	0.0	0.0	0.0	0.0	0.0	0.0	0.0	0.0
k__Bacteria;p__Firmicutes;c__Clostridia;o__Clostridiales;f__Clostridiaceae;g__Clostridium	0.0	0.000760456273764	0.0	0.0	0.00270758122744	0.00093896713615	0.0030549898167	0.0018779342723	0.0	0.000695410292072	0.0	0.000805801772764	0.00105263157895	0.0	0.0	0.0	0.0	0.0
k__Bacteria;p__Firmicutes;c__Clostridia;o__Clostridiales;f__EtOH8;g__	0.0	0.000760456273764	0.0	0.0	0.0	0.0	0.0	0.0	0.000964320154291	0.0	0.0	0.0	0.00105263157895	0.00415368639668	0.0	0.0	0.0	0.0
k__Bacteria;p__Firmicutes;c__Clostridia;o__Clostridiales;f__Lachnospiraceae;g__	0.000601322910403	0.0	0.0	0.000884173297966	0.0	0.0	0.0	0.0	0.000964320154291	0.0	0.0	0.0	0.0	0.0	0.00185185185185	0.00224550898204	0.00313873195229	0.00467653936087
k__Bacteria;p__Firmicutes;c__Clostridia;o__Clostridiales;f__Peptococcaceae;g__Desulfosporosinus	0.0	0.0	0.0	0.0	0.0	0.0	0.0	0.0	0.0	0.0	0.0	0.0	0.0	0.0	0.000617283950617	0.0	0.0	0.0
k__Bacteria;p__Firmicutes;c__Clostridia;o__Clostridiales;f__Ruminococcaceae;g__	0.0	0.00532319391635	0.0	0.0282935455349	0.0198555956679	0.00845070422535	0.0224032586558	0.0403755868545	0.00964320154291	0.00417246175243	0.000751314800902	0.000805801772764	0.0115789473684	0.00623052959502	0.0	0.000748502994012	0.0	0.00155884645362
k__Bacteria;p__Firmicutes;c__Clostridia;o__Clostridiales;f__[Acidaminobacteraceae];g__NP25	0.000601322910403	0.0	0.0	0.0	0.0	0.0	0.0	0.0	0.0	0.0	0.000751314800902	0.00161160354553	0.0	0.0	0.000617283950617	0.000748502994012	0.000627746390458	0.000779423226812
k__Bacteria;p__Firmicutes;c__Clostridia;o__Clostridiales;f__[Tissierellaceae];g__ecb11	0.0	0.0	0.0	0.0	0.0	0.0	0.0	0.0	0.0	0.0	0.000751314800902	0.0	0.0	0.0	0.0	0.00299401197605	0.000627746390458	0.00233826968044
k__Bacteria;p__Firmicutes;c__Clostridia;o__Halanaerobiales;f__Halanaerobiaceae;g__	0.0	0.0	0.0	0.0	0.000902527075812	0.0	0.0	0.0	0.0	0.0	0.0	0.0	0.0	0.0	0.000617283950617	0.0	0.000627746390458	0.0
k__Bacteria;p__Firmicutes;c__Clostridia;o__Halanaerobiales;f__Halanaerobiaceae;g__Halanaerobium	0.0	0.0	0.0	0.0	0.0	0.0	0.0	0.0	0.0	0.0	0.0	0.0	0.0	0.0	0.000617283950617	0.0	0.00188323917137	0.0
k__Bacteria;p__GN02;c__;o__;f__;g__	0.000601322910403	0.0	0.0	0.0	0.0	0.0	0.0	0.0	0.0	0.0	0.0	0.0	0.0	0.0	0.0	0.0	0.000627746390458	0.000779423226812
k__Bacteria;p__GN02;c__3BR-5F;o__;f__;g__	0.00120264582081	0.0136882129278	0.000568828213879	0.00884173297966	0.00451263537906	0.0140845070423	0.0030549898167	0.0093896713615	0.016393442623	0.0111265646732	0.0	0.000805801772764	0.0136842105263	0.0114226375909	0.00123456790123	0.000748502994012	0.000627746390458	0.000779423226812
k__Bacteria;p__GN02;c__BB34;o__;f__;g__	0.0	0.00228136882129	0.0	0.00176834659593	0.0	0.00093896713615	0.0	0.00093896713615	0.0	0.00139082058414	0.0	0.0	0.0	0.0	0.0	0.0	0.0	0.0
k__Bacteria;p__GN02;c__IIB17;o__;f__;g__	0.00180396873121	0.0	0.000568828213879	0.0	0.0	0.0	0.0	0.0	0.0	0.0	0.0	0.0	0.0	0.0	0.00246913580247	0.0	0.00188323917137	0.0
k__Bacteria;p__GN02;c__SBYW_2184;o__;f__;g__	0.0	0.00532319391635	0.0	0.0106100795756	0.00451263537906	0.0	0.0061099796334	0.00845070422535	0.000964320154291	0.00417246175243	0.0157776108189	0.0112812248187	0.0	0.00103842159917	0.00246913580247	0.00673652694611	0.00125549278092	0.0109119251754
k__Bacteria;p__GN04;c__;o__;f__;g__	0.0	0.00152091254753	0.0	0.0	0.0	0.0	0.0	0.0	0.0	0.00139082058414	0.0	0.0	0.00315789473684	0.00103842159917	0.0	0.0	0.0	0.0
k__Bacteria;p__GN04;c__GN15;o__;f__;g__	0.0	0.0136882129278	0.0	0.0	0.0	0.0272300469484	0.0	0.0	0.0318225650916	0.0173852573018	0.0	0.0	0.0105263157895	0.0114226375909	0.0	0.0	0.0	0.0
k__Bacteria;p__Gemmatimonadetes;c__Gemm-2;o__;f__;g__	0.0	0.00228136882129	0.0	0.00176834659593	0.0	0.0037558685446	0.0010183299389	0.0	0.00771456123433	0.0076495132128	0.0	0.00161160354553	0.00210526315789	0.00207684319834	0.0	0.0	0.0	0.0
k__Bacteria;p__Gemmatimonadetes;c__JL-ETNP-Z39;o__;f__;g__	0.0	0.0	0.0	0.0	0.0	0.0	0.0010183299389	0.0	0.0	0.0	0.0015026296018	0.000805801772764	0.0	0.0	0.0	0.00149700598802	0.0	0.0
k__Bacteria;p__Hyd24-12;c__;o__;f__;g__	0.0	0.0	0.0	0.0	0.0	0.0	0.0	0.0	0.0	0.0	0.0	0.0	0.0	0.00103842159917	0.0	0.0	0.0	0.0
k__Bacteria;p__Hyd24-12;c__WM88;o__;f__;g__	0.0	0.0	0.0	0.0	0.0	0.0	0.0	0.0	0.0	0.0	0.0	0.0	0.0	0.00103842159917	0.0	0.0	0.0	0.0
k__Bacteria;p__KSB3;c__;o__;f__;g__	0.0	0.028897338403	0.0	0.0212201591512	0.0198555956679	0.0197183098592	0.0264765784114	0.018779342723	0.0135004821601	0.0340751043115	0.022539444027	0.027397260274	0.00631578947368	0.00415368639668	0.00432098765432	0.00748502994012	0.00251098556183	0.012470771629
k__Bacteria;p__KSB3;c__MAT-CR-H3-D11;o__;f__;g__	0.0	0.00836501901141	0.000568828213879	0.00176834659593	0.00270758122744	0.0131455399061	0.0040733197556	0.00281690140845	0.0183220829315	0.00556328233658	0.00375657400451	0.00322320709106	0.00631578947368	0.00726895119418	0.00432098765432	0.00299401197605	0.000627746390458	0.00155884645362
k__Bacteria;p__Lentisphaerae;c__[Lentisphaeria];o__;f__;g__	0.0	0.0	0.0	0.0	0.0	0.0	0.0	0.0	0.0	0.0	0.0	0.000805801772764	0.0	0.0	0.0	0.000748502994012	0.000627746390458	0.0
k__Bacteria;p__Lentisphaerae;c__[Lentisphaeria];o__Lentisphaerales;f__;g__	0.0	0.00228136882129	0.0	0.000884173297966	0.000902527075812	0.0018779342723	0.0	0.00093896713615	0.00289296046287	0.00139082058414	0.0	0.0	0.00210526315789	0.00207684319834	0.0	0.0	0.0	0.0
k__Bacteria;p__Lentisphaerae;c__[Lentisphaeria];o__Lentisphaerales;f__Arctic95B-10;g__	0.0	0.0	0.0	0.0	0.0	0.0	0.0	0.0	0.0	0.0	0.0	0.0	0.00105263157895	0.00207684319834	0.0	0.0	0.0	0.0
k__Bacteria;p__Lentisphaerae;c__[Lentisphaeria];o__Victivallales;f__Victivallaceae;g__	0.0	0.0	0.0	0.0	0.0	0.0	0.0	0.0	0.00192864030858	0.0	0.0	0.0	0.0	0.0	0.0	0.0	0.0	0.0
k__Bacteria;p__Lentisphaerae;c__[Lentisphaeria];o__Z20;f__;g__	0.0	0.00228136882129	0.0	0.00442086648983	0.00361010830325	0.0018779342723	0.0081466395112	0.00093896713615	0.000964320154291	0.0	0.0022539444027	0.000805801772764	0.00105263157895	0.0	0.000617283950617	0.00149700598802	0.0	0.00311769290725
k__Bacteria;p__MAT-CR-M4-B07;c__;o__;f__;g__	0.0	0.0	0.0	0.0	0.0	0.0	0.0	0.0	0.0	0.0	0.0	0.0	0.0	0.0	0.00123456790123	0.0	0.0	0.000779423226812
k__Bacteria;p__NKB19;c__;o__;f__;g__	0.0	0.0	0.0	0.0	0.0	0.0	0.0	0.0	0.0	0.000695410292072	0.0	0.0	0.0	0.0	0.0	0.0	0.0	0.0
k__Bacteria;p__OD1;c__;o__;f__;g__	0.0	0.0	0.0	0.0	0.0	0.0	0.0	0.0	0.0	0.0	0.0	0.0	0.0	0.0	0.0	0.0	0.000627746390458	0.0
k__Bacteria;p__OD1;c__ABY1;o__;f__;g__	0.0	0.00152091254753	0.0	0.0	0.0	0.00281690140845	0.0	0.0018779342723	0.000964320154291	0.000695410292072	0.000751314800902	0.00241740531829	0.00315789473684	0.0	0.000617283950617	0.000748502994012	0.0	0.0
k__Bacteria;p__OD1;c__ZB2;o__;f__;g__	0.00420926037282	0.0	0.000568828213879	0.0	0.0	0.0	0.0	0.0	0.0	0.0	0.0015026296018	0.0	0.0	0.0	0.000617283950617	0.0	0.0	0.0
k__Bacteria;p__OP11;c__OP11-1;o__;f__;g__	0.00120264582081	0.00228136882129	0.000568828213879	0.00176834659593	0.0072202166065	0.0	0.0061099796334	0.0018779342723	0.0	0.0	0.0	0.000805801772764	0.0	0.0	0.0037037037037	0.000748502994012	0.00125549278092	0.0
k__Bacteria;p__OP11;c__WCHB1-64;o__d153;f__;g__	0.0	0.0	0.0	0.0	0.0	0.0	0.0	0.0	0.0	0.0	0.0	0.0	0.0	0.0	0.0	0.0	0.000627746390458	0.0
k__Bacteria;p__OP8;c__OP8_1;o__HMMVPog-54;f__;g__	0.0	0.0235741444867	0.0	0.0415561450044	0.0225631768953	0.0215962441315	0.0183299389002	0.0272300469484	0.0308582449373	0.0271210013908	0.00901577761082	0.00644641418211	0.0126315789474	0.00830737279335	0.0	0.000748502994012	0.0	0.000779423226812
k__Bacteria;p__OP9;c__JS1;o__BA021;f__;g__	0.0	0.00152091254753	0.0	0.0	0.0	0.0	0.0	0.0	0.0	0.0	0.0	0.0	0.0	0.0	0.0	0.0	0.0	0.0
k__Bacteria;p__Planctomycetes;c__;o__;f__;g__	0.0	0.0	0.0	0.0	0.00180505415162	0.0	0.0	0.0	0.0	0.0	0.0	0.0	0.0	0.0	0.0	0.000748502994012	0.000627746390458	0.0
k__Bacteria;p__Planctomycetes;c__ODP123;o__;f__;g__	0.0	0.0	0.0	0.0	0.0	0.0	0.0	0.0	0.0	0.000695410292072	0.000751314800902	0.0	0.0	0.00103842159917	0.0	0.0	0.0	0.0
k__Bacteria;p__Planctomycetes;c__OM190;o__;f__;g__	0.0	0.0	0.0	0.0	0.00180505415162	0.00093896713615	0.0020366598778	0.0	0.000964320154291	0.00139082058414	0.0	0.0	0.00105263157895	0.0	0.0	0.0	0.0	0.0
k__Bacteria;p__Planctomycetes;c__Phycisphaerae;o__AKAU3564;f__;g__	0.0	0.0121673003802	0.0	0.00618921308576	0.0126353790614	0.0131455399061	0.0112016293279	0.01220657277	0.00771456123433	0.00347705146036	0.00300525920361	0.0	0.00421052631579	0.00623052959502	0.0	0.000748502994012	0.0	0.0
k__Bacteria;p__Planctomycetes;c__Phycisphaerae;o__MSBL9;f__;g__	0.0	0.0	0.0	0.0	0.000902527075812	0.0	0.0010183299389	0.0	0.0	0.000695410292072	0.0	0.0	0.0	0.0	0.0	0.0	0.0	0.000779423226812
k__Bacteria;p__Planctomycetes;c__Phycisphaerae;o__Phycisphaerales;f__;g__	0.00240529164161	0.0	0.00170648464164	0.0	0.0	0.00093896713615	0.0	0.0	0.000964320154291	0.00139082058414	0.00300525920361	0.00402900886382	0.00210526315789	0.00103842159917	0.00432098765432	0.000748502994012	0.00251098556183	0.000779423226812
k__Bacteria;p__Planctomycetes;c__Phycisphaerae;o__Phycisphaerales;f__Phycisphaeraceae;g__	0.000601322910403	0.00836501901141	0.00170648464164	0.00442086648983	0.00812274368231	0.0103286384977	0.0020366598778	0.00469483568075	0.00675024108004	0.00347705146036	0.0022539444027	0.000805801772764	0.00315789473684	0.00415368639668	0.000617283950617	0.0	0.000627746390458	0.0
k__Bacteria;p__Planctomycetes;c__Planctomycetia;o__Gemmatales;f__Isosphaeraceae;g__	0.0	0.0	0.0	0.0	0.0	0.0	0.0	0.0	0.0	0.0	0.0	0.0	0.0	0.0	0.000617283950617	0.0	0.0	0.0
k__Bacteria;p__Planctomycetes;c__vadinHA49;o__DH61;f__;g__	0.000601322910403	0.0	0.000568828213879	0.00176834659593	0.00451263537906	0.0	0.0040733197556	0.0018779342723	0.00192864030858	0.0	0.0	0.000805801772764	0.0	0.0	0.00246913580247	0.0	0.000627746390458	0.000779423226812
k__Bacteria;p__Planctomycetes;c__vadinHA49;o__PeHg47;f__;g__	0.0	0.0114068441065	0.0	0.0176834659593	0.0126353790614	0.0037558685446	0.0193482688391	0.0197183098592	0.00289296046287	0.0139082058414	0.00826446280992	0.00725221595488	0.00421052631579	0.0	0.0037037037037	0.0119760479042	0.0	0.0101325019486
k__Bacteria;p__Planctomycetes;c__vadinHA49;o__p04_C01;f__;g__	0.0	0.0	0.0	0.000884173297966	0.00180505415162	0.00093896713615	0.0	0.0	0.0	0.0	0.0	0.0	0.0	0.0	0.0	0.0	0.0	0.0
k__Bacteria;p__Proteobacteria;c__;o__;f__;g__	0.0	0.0	0.0	0.0	0.0	0.0	0.0	0.0	0.0	0.0	0.0	0.00161160354553	0.0	0.0	0.0	0.0	0.0	0.0
k__Bacteria;p__Proteobacteria;c__Alphaproteobacteria;o__;f__;g__	0.00240529164161	0.000760456273764	0.0028441410694	0.0	0.000902527075812	0.00093896713615	0.0020366598778	0.0	0.0	0.000695410292072	0.0015026296018	0.00241740531829	0.00105263157895	0.0	0.00308641975309	0.00299401197605	0.00188323917137	0.00701480904131
k__Bacteria;p__Proteobacteria;c__Alphaproteobacteria;o__BD7-3;f__;g__	0.00541190619363	0.000760456273764	0.00511945392491	0.0	0.00180505415162	0.0	0.0010183299389	0.0	0.0	0.0	0.000751314800902	0.0	0.0	0.0	0.00308641975309	0.000748502994012	0.00251098556183	0.0
k__Bacteria;p__Proteobacteria;c__Alphaproteobacteria;o__Kiloniellales;f__;g__	0.00240529164161	0.00608365019011	0.00113765642776	0.000884173297966	0.0	0.00281690140845	0.0010183299389	0.0018779342723	0.000964320154291	0.00834492350487	0.0022539444027	0.00161160354553	0.00526315789474	0.0114226375909	0.00123456790123	0.000748502994012	0.0	0.000779423226812
k__Bacteria;p__Proteobacteria;c__Alphaproteobacteria;o__Rhizobiales;f__;g__	0.0	0.0	0.0	0.0	0.000902527075812	0.0	0.0	0.0	0.000964320154291	0.0	0.0	0.0	0.0	0.00103842159917	0.0	0.0	0.0	0.0
k__Bacteria;p__Proteobacteria;c__Alphaproteobacteria;o__Rhizobiales;f__Bradyrhizobiaceae;g__	0.00120264582081	0.0	0.0	0.0	0.0	0.0	0.0	0.0	0.0	0.0	0.0	0.0	0.0	0.0	0.0	0.0	0.0	0.0
k__Bacteria;p__Proteobacteria;c__Alphaproteobacteria;o__Rhizobiales;f__Hyphomicrobiaceae;g__	0.0	0.0136882129278	0.0	0.0079575596817	0.000902527075812	0.0150234741784	0.0050916496945	0.0093896713615	0.0183220829315	0.0132127955494	0.00375657400451	0.00483481063658	0.0705263157895	0.0747663551402	0.0	0.000748502994012	0.00188323917137	0.0
k__Bacteria;p__Proteobacteria;c__Alphaproteobacteria;o__Rhizobiales;f__Methylocystaceae;g__	0.000601322910403	0.0	0.0	0.0	0.0	0.0	0.0	0.0	0.0	0.0	0.0	0.0	0.0	0.0	0.0	0.0	0.0	0.0
k__Bacteria;p__Proteobacteria;c__Alphaproteobacteria;o__Rhizobiales;f__Phyllobacteriaceae;g__	0.000601322910403	0.0	0.0	0.0	0.0	0.00093896713615	0.0	0.0	0.000964320154291	0.000695410292072	0.000751314800902	0.0	0.0	0.0	0.000617283950617	0.0	0.0	0.0
k__Bacteria;p__Proteobacteria;c__Alphaproteobacteria;o__Rhizobiales;f__Rhizobiaceae;g__	0.0	0.0	0.000568828213879	0.0	0.0	0.0	0.0	0.0	0.0	0.0	0.0	0.0	0.0	0.0	0.0	0.0	0.0	0.0
k__Bacteria;p__Proteobacteria;c__Alphaproteobacteria;o__Rhodobacterales;f__Hyphomonadaceae;g__	0.00420926037282	0.00608365019011	0.00341296928328	0.0079575596817	0.00180505415162	0.00469483568075	0.0040733197556	0.00657276995305	0.0154291224687	0.00695410292072	0.000751314800902	0.0	0.00315789473684	0.00623052959502	0.00123456790123	0.00374251497006	0.00251098556183	0.000779423226812
k__Bacteria;p__Proteobacteria;c__Alphaproteobacteria;o__Rhodobacterales;f__Hyphomonadaceae;g__Hirschia	0.0	0.00684410646388	0.00113765642776	0.00176834659593	0.000902527075812	0.0037558685446	0.0010183299389	0.00281690140845	0.00675024108004	0.00208623087622	0.000751314800902	0.000805801772764	0.00210526315789	0.00623052959502	0.0	0.0	0.0	0.0
k__Bacteria;p__Proteobacteria;c__Alphaproteobacteria;o__Rhodobacterales;f__Hyphomonadaceae;g__Oceanicaulis	0.000601322910403	0.0	0.00113765642776	0.0	0.000902527075812	0.0	0.0	0.0	0.0	0.0	0.0015026296018	0.00161160354553	0.0	0.0	0.0	0.0	0.0	0.00155884645362
k__Bacteria;p__Proteobacteria;c__Alphaproteobacteria;o__Rhodobacterales;f__Rhodobacteraceae;g__	0.0444978953698	0.0357414448669	0.0523321956769	0.0318302387268	0.0162454873646	0.0384976525822	0.0173116089613	0.0403755868545	0.0327868852459	0.0250347705146	0.0180315552216	0.0298146655923	0.0568421052632	0.0726895119418	0.0358024691358	0.0254491017964	0.0364092906466	0.024941543258
k__Bacteria;p__Proteobacteria;c__Alphaproteobacteria;o__Rhodobacterales;f__Rhodobacteraceae;g__Anaerospora	0.000601322910403	0.0	0.0	0.0	0.0	0.0	0.0	0.0	0.0	0.0	0.0	0.0	0.0	0.0	0.0	0.0	0.0	0.0
k__Bacteria;p__Proteobacteria;c__Alphaproteobacteria;o__Rhodobacterales;f__Rhodobacteraceae;g__Antarctobacter	0.000601322910403	0.0	0.00113765642776	0.0	0.0	0.0	0.0	0.0	0.0	0.0	0.0	0.0	0.0	0.0	0.0	0.0	0.0	0.0
k__Bacteria;p__Proteobacteria;c__Alphaproteobacteria;o__Rhodobacterales;f__Rhodobacteraceae;g__Marivita	0.0	0.0	0.000568828213879	0.0	0.0	0.0	0.0	0.0	0.0	0.0	0.0	0.0	0.0	0.0	0.0	0.0	0.000627746390458	0.0
k__Bacteria;p__Proteobacteria;c__Alphaproteobacteria;o__Rhodobacterales;f__Rhodobacteraceae;g__Paracoccus	0.000601322910403	0.0	0.0	0.0	0.0	0.0	0.0020366598778	0.0	0.0	0.0	0.0	0.0	0.0	0.00103842159917	0.0	0.0	0.0	0.0
k__Bacteria;p__Proteobacteria;c__Alphaproteobacteria;o__Rhodobacterales;f__Rhodobacteraceae;g__Rhodobacter	0.000601322910403	0.0	0.000568828213879	0.0	0.0	0.0	0.0	0.0	0.0	0.0	0.0	0.0	0.0	0.0	0.0	0.0	0.0	0.0
k__Bacteria;p__Proteobacteria;c__Alphaproteobacteria;o__Rhodobacterales;f__Rhodobacteraceae;g__Rhodovulum	0.00180396873121	0.00456273764259	0.00341296928328	0.0	0.000902527075812	0.00093896713615	0.0	0.0	0.00192864030858	0.00278164116829	0.0	0.00161160354553	0.00526315789474	0.00519210799585	0.000617283950617	0.00149700598802	0.00313873195229	0.000779423226812
k__Bacteria;p__Proteobacteria;c__Alphaproteobacteria;o__Rhodobacterales;f__Rhodobacteraceae;g__Roseisalinus	0.0	0.0	0.0	0.0	0.0	0.0	0.0	0.0	0.0	0.0	0.0	0.0	0.0	0.0	0.0	0.0	0.0	0.000779423226812
k__Bacteria;p__Proteobacteria;c__Alphaproteobacteria;o__Rhodobacterales;f__Rhodobacteraceae;g__Roseovarius	0.0	0.0	0.000568828213879	0.0	0.0	0.0	0.0	0.0	0.0	0.0	0.0	0.0	0.0	0.0	0.0	0.00149700598802	0.000627746390458	0.0
k__Bacteria;p__Proteobacteria;c__Alphaproteobacteria;o__Rhodospirillales;f__;g__	0.00901984365604	0.0205323193916	0.0028441410694	0.0026525198939	0.00902527075812	0.01220657277	0.010183299389	0.0056338028169	0.0270009643202	0.0180806675939	0.00525920360631	0.00805801772764	0.0168421052632	0.0425752855659	0.00617283950617	0.00224550898204	0.0131826741996	0.00935307872175
k__Bacteria;p__Proteobacteria;c__Alphaproteobacteria;o__Rhodospirillales;f__Acetobacteraceae;g__	0.000601322910403	0.0	0.000568828213879	0.0	0.0	0.0	0.0	0.0	0.0	0.0	0.0	0.0	0.0	0.0	0.0	0.0	0.0	0.0
k__Bacteria;p__Proteobacteria;c__Alphaproteobacteria;o__Rhodospirillales;f__Rhodospirillaceae;g__	0.00120264582081	0.0	0.000568828213879	0.0	0.0	0.0	0.0	0.0	0.0	0.0	0.0	0.0	0.0	0.0	0.0	0.0	0.0	0.000779423226812
k__Bacteria;p__Proteobacteria;c__Alphaproteobacteria;o__Rhodospirillales;f__Rhodospirillaceae;g__Inquilinus	0.00120264582081	0.0	0.000568828213879	0.0	0.0	0.0	0.0	0.0	0.0	0.0	0.0	0.0	0.00315789473684	0.00207684319834	0.000617283950617	0.0	0.000627746390458	0.0
k__Bacteria;p__Proteobacteria;c__Alphaproteobacteria;o__Rhodospirillales;f__Rhodospirillaceae;g__Skermanella	0.0	0.0	0.00113765642776	0.0	0.0	0.0	0.0	0.0	0.0	0.0	0.0	0.0	0.0	0.0	0.0	0.0	0.0	0.0
k__Bacteria;p__Proteobacteria;c__Alphaproteobacteria;o__Rickettsiales;f__;g__	0.0	0.0	0.000568828213879	0.0	0.0	0.0	0.0	0.0	0.0	0.0	0.0	0.0	0.0	0.0	0.0	0.0	0.0	0.0
k__Bacteria;p__Proteobacteria;c__Alphaproteobacteria;o__Rickettsiales;f__Rickettsiaceae;g__	0.0	0.0	0.00113765642776	0.0	0.000902527075812	0.0	0.0	0.00093896713615	0.0	0.000695410292072	0.0	0.0	0.0	0.0	0.0	0.0	0.0	0.0
k__Bacteria;p__Proteobacteria;c__Alphaproteobacteria;o__Rickettsiales;f__mitochondria;g__Citrullus	0.000601322910403	0.0	0.0	0.0	0.0	0.0	0.0	0.0	0.0	0.0	0.0	0.0	0.0	0.0	0.0	0.0	0.0	0.0
k__Bacteria;p__Proteobacteria;c__Alphaproteobacteria;o__Sphingomonadales;f__Erythrobacteraceae;g__	0.000601322910403	0.000760456273764	0.000568828213879	0.000884173297966	0.0	0.0	0.0	0.0	0.0	0.0	0.000751314800902	0.0	0.00210526315789	0.0	0.0	0.0	0.0	0.00155884645362
k__Bacteria;p__Proteobacteria;c__Alphaproteobacteria;o__Sphingomonadales;f__Sphingomonadaceae;g__	0.0	0.0	0.00113765642776	0.0	0.0	0.0	0.0	0.0	0.0	0.0	0.0	0.0	0.0	0.0	0.0	0.0	0.0	0.0
k__Bacteria;p__Proteobacteria;c__Alphaproteobacteria;o__Sphingomonadales;f__Sphingomonadaceae;g__Kaistobacter	0.000601322910403	0.0	0.000568828213879	0.0	0.0	0.0	0.0	0.0	0.0	0.0	0.0	0.0	0.0	0.0	0.0	0.0	0.0	0.0
k__Bacteria;p__Proteobacteria;c__Alphaproteobacteria;o__Sphingomonadales;f__Sphingomonadaceae;g__Sphingobium	0.0	0.0	0.000568828213879	0.0	0.0	0.0	0.0	0.0	0.0	0.0	0.0	0.0	0.0	0.0	0.0	0.0	0.0	0.0
k__Bacteria;p__Proteobacteria;c__Alphaproteobacteria;o__Sphingomonadales;f__Sphingomonadaceae;g__Sphingomonas	0.00120264582081	0.0	0.000568828213879	0.0	0.0	0.0	0.0	0.0	0.0	0.0	0.0	0.0	0.0	0.0	0.0	0.0	0.0	0.0
k__Bacteria;p__Proteobacteria;c__Betaproteobacteria;o__Burkholderiales;f__Comamonadaceae;g__	0.000601322910403	0.0	0.00113765642776	0.0	0.0	0.0	0.0	0.0	0.0	0.0	0.0	0.0	0.0	0.0	0.0	0.0	0.0	0.0
k__Bacteria;p__Proteobacteria;c__Betaproteobacteria;o__Burkholderiales;f__Comamonadaceae;g__Azohydromonas	0.000601322910403	0.0	0.0	0.0	0.0	0.0	0.0	0.0	0.0	0.0	0.0	0.0	0.0	0.0	0.0	0.0	0.0	0.0
k__Bacteria;p__Proteobacteria;c__Betaproteobacteria;o__Burkholderiales;f__Comamonadaceae;g__Variovorax	0.0	0.0	0.00113765642776	0.0	0.0	0.0	0.0	0.0	0.0	0.0	0.0	0.0	0.0	0.0	0.0	0.0	0.0	0.0
k__Bacteria;p__Proteobacteria;c__Betaproteobacteria;o__Burkholderiales;f__Comamonadaceae;g__Xylophilus	0.0	0.0	0.000568828213879	0.0	0.0	0.0	0.0	0.0	0.0	0.0	0.0	0.0	0.0	0.0	0.0	0.0	0.0	0.0
k__Bacteria;p__Proteobacteria;c__Betaproteobacteria;o__Burkholderiales;f__Oxalobacteraceae;g__	0.0	0.0	0.00170648464164	0.0	0.0	0.0	0.0	0.0	0.0	0.0	0.0	0.0	0.0	0.0	0.0	0.0	0.0	0.0
k__Bacteria;p__Proteobacteria;c__Betaproteobacteria;o__Burkholderiales;f__Oxalobacteraceae;g__Massilia	0.000601322910403	0.0	0.0	0.0	0.0	0.0	0.0	0.0	0.0	0.0	0.0	0.0	0.0	0.0	0.0	0.0	0.0	0.0
k__Bacteria;p__Proteobacteria;c__Deltaproteobacteria;o__;f__;g__	0.0	0.00456273764259	0.0	0.0053050397878	0.00812274368231	0.00845070422535	0.0122199592668	0.0037558685446	0.016393442623	0.00347705146036	0.0022539444027	0.00564061240935	0.00631578947368	0.00415368639668	0.00185185185185	0.00224550898204	0.00125549278092	0.00467653936087
k__Bacteria;p__Proteobacteria;c__Deltaproteobacteria;o__Bdellovibrionales;f__Bacteriovoracaceae;g__	0.000601322910403	0.0	0.0	0.0	0.0	0.0	0.0010183299389	0.0	0.0	0.0	0.000751314800902	0.00161160354553	0.0	0.0	0.00185185185185	0.000748502994012	0.000627746390458	0.000779423226812
k__Bacteria;p__Proteobacteria;c__Deltaproteobacteria;o__Bdellovibrionales;f__Bdellovibrionaceae;g__	0.0	0.0	0.000568828213879	0.0	0.0	0.0	0.0	0.0	0.0	0.0	0.000751314800902	0.0	0.0	0.0	0.000617283950617	0.0	0.0	0.0
k__Bacteria;p__Proteobacteria;c__Deltaproteobacteria;o__Bdellovibrionales;f__Bdellovibrionaceae;g__Bdellovibrio	0.000601322910403	0.0	0.0	0.0	0.0	0.0	0.0	0.0	0.0	0.0	0.0	0.0	0.0	0.0	0.0	0.000748502994012	0.0	0.0
k__Bacteria;p__Proteobacteria;c__Deltaproteobacteria;o__Desulfarculales;f__Desulfarculaceae;g__	0.0	0.00760456273764	0.0	0.0026525198939	0.00451263537906	0.0131455399061	0.0010183299389	0.00093896713615	0.0183220829315	0.00973574408901	0.0015026296018	0.000805801772764	0.0115789473684	0.0114226375909	0.0	0.0	0.0	0.0
k__Bacteria;p__Proteobacteria;c__Deltaproteobacteria;o__Desulfobacterales;f__Desulfobacteraceae;g__	0.0102224894768	0.0790874524715	0.0108077360637	0.102564102564	0.102888086643	0.0384976525822	0.0957230142566	0.108920187793	0.0405014464802	0.0806675938804	0.141247182569	0.139403706688	0.0242105263158	0.0311526479751	0.121604938272	0.163173652695	0.135593220339	0.173031956352
k__Bacteria;p__Proteobacteria;c__Deltaproteobacteria;o__Desulfobacterales;f__Desulfobacteraceae;g__Desulfobacter	0.0	0.0	0.0	0.0	0.0	0.0	0.0	0.0	0.0	0.0	0.0	0.0	0.0	0.0	0.00185185185185	0.00224550898204	0.00125549278092	0.00467653936087
k__Bacteria;p__Proteobacteria;c__Deltaproteobacteria;o__Desulfobacterales;f__Desulfobacteraceae;g__Desulfococcus	0.0	0.0	0.0	0.000884173297966	0.00270758122744	0.0018779342723	0.0020366598778	0.00093896713615	0.00192864030858	0.00278164116829	0.000751314800902	0.00322320709106	0.0	0.00103842159917	0.0	0.00224550898204	0.0	0.000779423226812
k__Bacteria;p__Proteobacteria;c__Deltaproteobacteria;o__Desulfobacterales;f__Desulfobacteraceae;g__Desulfosarcina	0.0	0.0	0.0	0.0	0.0	0.00093896713615	0.0	0.0	0.0	0.0	0.0	0.0	0.0	0.0	0.0	0.0	0.0	0.0
k__Bacteria;p__Proteobacteria;c__Deltaproteobacteria;o__Desulfobacterales;f__Desulfobulbaceae;g__	0.0	0.000760456273764	0.000568828213879	0.000884173297966	0.00270758122744	0.0	0.0061099796334	0.0018779342723	0.0	0.0	0.0022539444027	0.00322320709106	0.0	0.00103842159917	0.0	0.000748502994012	0.0	0.00155884645362
k__Bacteria;p__Proteobacteria;c__Deltaproteobacteria;o__Desulfovibrionales;f__;g__	0.0	0.0	0.0	0.0	0.0	0.0	0.0	0.0	0.0	0.0	0.0	0.0	0.0	0.0	0.0	0.0	0.0	0.00389711613406
k__Bacteria;p__Proteobacteria;c__Deltaproteobacteria;o__Desulfovibrionales;f__Desulfohalobiaceae;g__Desulfovermiculus	0.0	0.00988593155894	0.000568828213879	0.00176834659593	0.00451263537906	0.0178403755869	0.0	0.0018779342723	0.0183220829315	0.00625869262865	0.0	0.000805801772764	0.00105263157895	0.00415368639668	0.00123456790123	0.00299401197605	0.0	0.000779423226812
k__Bacteria;p__Proteobacteria;c__Deltaproteobacteria;o__Desulfovibrionales;f__Desulfomicrobiaceae;g__	0.0	0.0	0.0	0.0	0.0	0.0	0.0	0.0	0.0	0.0	0.0	0.0	0.0	0.0	0.0	0.0	0.000627746390458	0.0
k__Bacteria;p__Proteobacteria;c__Deltaproteobacteria;o__Desulfovibrionales;f__Desulfovibrionaceae;g__Desulfovibrio	0.00180396873121	0.000760456273764	0.0028441410694	0.0	0.00180505415162	0.0	0.0030549898167	0.0	0.00289296046287	0.00208623087622	0.0	0.0	0.00526315789474	0.00415368639668	0.00185185185185	0.0	0.00313873195229	0.000779423226812
k__Bacteria;p__Proteobacteria;c__Deltaproteobacteria;o__GMD14H09;f__;g__	0.0	0.0	0.00113765642776	0.00176834659593	0.000902527075812	0.0	0.0	0.0018779342723	0.0	0.00139082058414	0.0022539444027	0.000805801772764	0.0	0.0	0.000617283950617	0.0	0.000627746390458	0.0
k__Bacteria;p__Proteobacteria;c__Deltaproteobacteria;o__Myxococcales;f__;g__	0.000601322910403	0.00760456273764	0.00170648464164	0.0053050397878	0.00541516245487	0.00469483568075	0.0061099796334	0.0056338028169	0.00385728061716	0.00973574408901	0.00901577761082	0.0185334407736	0.0105263157895	0.00934579439252	0.00802469135802	0.0217065868263	0.00627746390458	0.0155884645362
k__Bacteria;p__Proteobacteria;c__Deltaproteobacteria;o__Myxococcales;f__0319-6G20;g__	0.0	0.000760456273764	0.000568828213879	0.0	0.000902527075812	0.0	0.0	0.0	0.000964320154291	0.0	0.0015026296018	0.000805801772764	0.0	0.0	0.00123456790123	0.00523952095808	0.0	0.00389711613406
k__Bacteria;p__Proteobacteria;c__Deltaproteobacteria;o__Myxococcales;f__Cystobacterineae;g__	0.0	0.00228136882129	0.000568828213879	0.00176834659593	0.000902527075812	0.00281690140845	0.0010183299389	0.0018779342723	0.0	0.000695410292072	0.0	0.000805801772764	0.0	0.0	0.0	0.0	0.0	0.0
k__Bacteria;p__Proteobacteria;c__Deltaproteobacteria;o__Myxococcales;f__OM27;g__	0.00240529164161	0.0	0.0	0.0	0.0	0.0	0.0	0.0	0.0	0.0	0.0	0.0	0.0	0.0	0.0	0.0	0.000627746390458	0.0
k__Bacteria;p__Proteobacteria;c__Deltaproteobacteria;o__NKB15;f__;g__	0.0	0.0182509505703	0.0	0.0114942528736	0.0117328519856	0.0037558685446	0.0132382892057	0.0169014084507	0.00385728061716	0.0208623087622	0.000751314800902	0.00161160354553	0.0	0.0	0.0	0.0	0.0	0.0
k__Bacteria;p__Proteobacteria;c__Deltaproteobacteria;o__Spirobacillales;f__;g__	0.000601322910403	0.000760456273764	0.0	0.0	0.0	0.0	0.0	0.0	0.000964320154291	0.0	0.0	0.00161160354553	0.0	0.0	0.000617283950617	0.000748502994012	0.00125549278092	0.00155884645362
k__Bacteria;p__Proteobacteria;c__Deltaproteobacteria;o__Syntrophobacterales;f__Syntrophaceae;g__Desulfomonile	0.0	0.00152091254753	0.0	0.00353669319187	0.00180505415162	0.0018779342723	0.0030549898167	0.00093896713615	0.000964320154291	0.0	0.0022539444027	0.00483481063658	0.00210526315789	0.00207684319834	0.00123456790123	0.00224550898204	0.00125549278092	0.00389711613406
k__Bacteria;p__Proteobacteria;c__Epsilonproteobacteria;o__Campylobacterales;f__Helicobacteraceae;g__	0.00120264582081	0.0	0.000568828213879	0.0	0.0	0.0	0.0	0.0	0.0	0.0	0.0	0.0	0.0	0.0	0.00308641975309	0.00149700598802	0.00439422473321	0.0
k__Bacteria;p__Proteobacteria;c__Gammaproteobacteria;o__;f__;g__	0.0	0.000760456273764	0.0	0.000884173297966	0.0	0.0	0.0	0.00093896713615	0.0	0.0	0.0	0.000805801772764	0.0	0.0	0.000617283950617	0.0	0.0	0.0
k__Bacteria;p__Proteobacteria;c__Gammaproteobacteria;o__Alteromonadales;f__Alteromonadaceae;g__Marinobacter	0.0	0.0	0.0	0.0	0.0	0.0	0.0	0.0	0.0	0.0	0.0	0.0	0.0	0.0	0.0	0.0	0.000627746390458	0.0
k__Bacteria;p__Proteobacteria;c__Gammaproteobacteria;o__Alteromonadales;f__OM60;g__	0.0	0.0	0.0	0.0	0.0	0.0	0.0	0.0	0.0	0.0	0.0	0.0	0.0	0.0	0.0	0.0	0.000627746390458	0.0
k__Bacteria;p__Proteobacteria;c__Gammaproteobacteria;o__Alteromonadales;f__OM60;g__Congregibacter	0.00240529164161	0.000760456273764	0.00170648464164	0.00176834659593	0.00270758122744	0.00093896713615	0.0	0.0018779342723	0.00482160077146	0.0	0.000751314800902	0.000805801772764	0.00315789473684	0.00311526479751	0.00185185185185	0.00299401197605	0.00188323917137	0.00155884645362
k__Bacteria;p__Proteobacteria;c__Gammaproteobacteria;o__Chromatiales;f__;g__	0.000601322910403	0.000760456273764	0.0	0.000884173297966	0.0	0.0	0.0	0.0	0.000964320154291	0.0	0.0	0.0	0.0	0.0	0.0	0.0	0.000627746390458	0.0
k__Bacteria;p__Proteobacteria;c__Gammaproteobacteria;o__Chromatiales;f__Chromatiaceae;g__	0.0144317498497	0.0174904942966	0.0147895335609	0.00884173297966	0.00992779783394	0.0093896713615	0.0040733197556	0.0075117370892	0.016393442623	0.0180806675939	0.00976709241172	0.0112812248187	0.00947368421053	0.00623052959502	0.0166666666667	0.00973053892216	0.0144381669805	0.0132501948558
k__Bacteria;p__Proteobacteria;c__Gammaproteobacteria;o__Chromatiales;f__Chromatiaceae;g__Halochromatium	0.00901984365604	0.0	0.00568828213879	0.00176834659593	0.000902527075812	0.0	0.0020366598778	0.00469483568075	0.0	0.0	0.00901577761082	0.00805801772764	0.0	0.0	0.00740740740741	0.00149700598802	0.00690521029504	0.00233826968044
k__Bacteria;p__Proteobacteria;c__Gammaproteobacteria;o__Chromatiales;f__Chromatiaceae;g__Lamprocystis	0.000601322910403	0.0	0.000568828213879	0.0	0.0	0.0	0.0	0.0	0.0	0.00347705146036	0.0	0.0	0.0	0.0	0.0	0.0	0.00125549278092	0.0
k__Bacteria;p__Proteobacteria;c__Gammaproteobacteria;o__Chromatiales;f__Chromatiaceae;g__Thiohalocapsa	0.0	0.0	0.000568828213879	0.0	0.0	0.00093896713615	0.0010183299389	0.0	0.00192864030858	0.0	0.0	0.000805801772764	0.0	0.0	0.000617283950617	0.0	0.00125549278092	0.0
k__Bacteria;p__Proteobacteria;c__Gammaproteobacteria;o__Chromatiales;f__Ectothiorhodospiraceae;g__	0.0	0.0	0.0	0.000884173297966	0.0	0.00093896713615	0.0	0.0	0.0	0.0	0.0	0.0	0.00105263157895	0.00103842159917	0.0	0.0	0.0	0.0
k__Bacteria;p__Proteobacteria;c__Gammaproteobacteria;o__Chromatiales;f__Ectothiorhodospiraceae;g__Thioalkalivibrio	0.0	0.0	0.0	0.0	0.0	0.0	0.0	0.0	0.0	0.0	0.0	0.0	0.00105263157895	0.0	0.0	0.0	0.0	0.0
k__Bacteria;p__Proteobacteria;c__Gammaproteobacteria;o__Enterobacteriales;f__Enterobacteriaceae;g__	0.00661455201443	0.0	0.00796359499431	0.0	0.0	0.0	0.0	0.0	0.0	0.0	0.0	0.0	0.0	0.0	0.0	0.0	0.0	0.0
k__Bacteria;p__Proteobacteria;c__Gammaproteobacteria;o__HOC36;f__;g__	0.00300661455201	0.0	0.00113765642776	0.0	0.0	0.0	0.0010183299389	0.0018779342723	0.0	0.0	0.00375657400451	0.000805801772764	0.0	0.0	0.00123456790123	0.0	0.00251098556183	0.00233826968044
k__Bacteria;p__Proteobacteria;c__Gammaproteobacteria;o__HTCC2188;f__;g__	0.0	0.000760456273764	0.0	0.0	0.0	0.0	0.0	0.0	0.0	0.0	0.0	0.0	0.00105263157895	0.0	0.00123456790123	0.0	0.0	0.0
k__Bacteria;p__Proteobacteria;c__Gammaproteobacteria;o__Legionellales;f__;g__	0.00360793746242	0.0	0.00170648464164	0.0	0.0	0.00093896713615	0.0	0.0	0.0	0.0	0.0	0.0	0.0	0.0	0.000617283950617	0.0	0.0	0.000779423226812
k__Bacteria;p__Proteobacteria;c__Gammaproteobacteria;o__Legionellales;f__Coxiellaceae;g__	0.0	0.000760456273764	0.0	0.0	0.0	0.00093896713615	0.0	0.0	0.0	0.0	0.0	0.0	0.0	0.0	0.000617283950617	0.0	0.0	0.0
k__Bacteria;p__Proteobacteria;c__Gammaproteobacteria;o__Legionellales;f__Francisellaceae;g__	0.0	0.0	0.0	0.0	0.0	0.0	0.0	0.0	0.0	0.0	0.0	0.0	0.0	0.0	0.000617283950617	0.0	0.0	0.0
k__Bacteria;p__Proteobacteria;c__Gammaproteobacteria;o__Legionellales;f__Legionellaceae;g__	0.0	0.0	0.00113765642776	0.0	0.0	0.00093896713615	0.0	0.0	0.0	0.0	0.0	0.0	0.0	0.0	0.000617283950617	0.0	0.000627746390458	0.0
k__Bacteria;p__Proteobacteria;c__Gammaproteobacteria;o__Oceanospirillales;f__Halomonadaceae;g__Halomonas	0.0	0.0	0.0	0.0	0.0	0.0	0.0	0.0	0.0	0.0	0.0	0.0	0.0	0.0	0.0	0.0	0.000627746390458	0.0
k__Bacteria;p__Proteobacteria;c__Gammaproteobacteria;o__Pseudomonadales;f__Moraxellaceae;g__Acinetobacter	0.00240529164161	0.0	0.000568828213879	0.0	0.0	0.0	0.0	0.0	0.0	0.0	0.0	0.0	0.0	0.0	0.0	0.0	0.0	0.0
k__Bacteria;p__Proteobacteria;c__Gammaproteobacteria;o__Pseudomonadales;f__Pseudomonadaceae;g__	0.000601322910403	0.0	0.0	0.0	0.0	0.0	0.0	0.0	0.0	0.0	0.0	0.0	0.0	0.0	0.0	0.0	0.0	0.0
k__Bacteria;p__Proteobacteria;c__Gammaproteobacteria;o__Thiotrichales;f__Piscirickettsiaceae;g__	0.0138304269393	0.000760456273764	0.0130830489192	0.00176834659593	0.0	0.00093896713615	0.0	0.0	0.0	0.0	0.000751314800902	0.000805801772764	0.00105263157895	0.00103842159917	0.0123456790123	0.00149700598802	0.00376647834275	0.0
k__Bacteria;p__Proteobacteria;c__Gammaproteobacteria;o__Thiotrichales;f__Piscirickettsiaceae;g__Thiomicrospira	0.0	0.0	0.0	0.0	0.0	0.0	0.0	0.0	0.0	0.0	0.0	0.0	0.0	0.0	0.0	0.0	0.000627746390458	0.000779423226812
k__Bacteria;p__Proteobacteria;c__Gammaproteobacteria;o__Thiotrichales;f__Thiotrichaceae;g__	0.00120264582081	0.0	0.000568828213879	0.0	0.0	0.0	0.0	0.0	0.0	0.0	0.0022539444027	0.0	0.0	0.0	0.00246913580247	0.000748502994012	0.00188323917137	0.000779423226812
k__Bacteria;p__Proteobacteria;c__Gammaproteobacteria;o__Xanthomonadales;f__Xanthomonadaceae;g__	0.0	0.0	0.000568828213879	0.0	0.0	0.0	0.0	0.0	0.0	0.0	0.0	0.0	0.0	0.0	0.0	0.0	0.0	0.0
k__Bacteria;p__Proteobacteria;c__Gammaproteobacteria;o__[Marinicellales];f__[Marinicellaceae];g__	0.00661455201443	0.00228136882129	0.00682593856655	0.0	0.000902527075812	0.0	0.0030549898167	0.00281690140845	0.00192864030858	0.00278164116829	0.00300525920361	0.00402900886382	0.00105263157895	0.00415368639668	0.00308641975309	0.00149700598802	0.00251098556183	0.00311769290725
k__Bacteria;p__Proteobacteria;c__TA18;o__CV90;f__;g__	0.0	0.0	0.0	0.0	0.0	0.0	0.0	0.0	0.0	0.0	0.0	0.0	0.0	0.0	0.000617283950617	0.0	0.0	0.0
k__Bacteria;p__Proteobacteria;c__TA18;o__PHOS-HD29;f__;g__	0.0	0.0	0.0	0.0	0.0	0.0	0.0	0.00093896713615	0.0	0.0	0.0	0.0	0.0	0.0	0.0	0.000748502994012	0.000627746390458	0.0
k__Bacteria;p__SAR406;c__AB16;o__;f__;g__	0.0	0.0	0.0	0.0	0.0	0.0	0.0	0.0	0.0	0.0	0.0	0.0	0.0	0.0	0.0	0.0	0.000627746390458	0.0
k__Bacteria;p__SAR406;c__AB16;o__ST-3K15;f__;g__	0.0	0.0	0.0	0.0	0.0	0.0	0.0	0.0	0.000964320154291	0.0	0.0	0.0	0.0	0.0	0.0	0.0	0.0	0.0
k__Bacteria;p__SAR406;c__AB16;o__noFP_H7;f__;g__	0.0	0.000760456273764	0.0	0.0	0.000902527075812	0.0	0.0010183299389	0.0	0.0	0.0	0.0022539444027	0.00241740531829	0.0	0.0	0.00617283950617	0.0134730538922	0.00816070307596	0.0280592361652
k__Bacteria;p__SR1;c__;o__;f__;g__	0.00180396873121	0.0	0.0	0.00176834659593	0.0	0.0	0.0	0.00093896713615	0.0	0.000695410292072	0.00525920360631	0.00161160354553	0.0	0.0	0.00432098765432	0.0127245508982	0.00439422473321	0.0062353858145
k__Bacteria;p__Spirochaetes;c__;o__;f__;g__	0.0	0.0	0.0	0.0	0.0	0.0	0.0	0.0	0.000964320154291	0.0	0.0	0.0	0.0	0.0	0.0	0.0	0.0	0.0
k__Bacteria;p__Spirochaetes;c__GN05;o__;f__;g__	0.0	0.0	0.0	0.0	0.0	0.0	0.0010183299389	0.0	0.0	0.0	0.000751314800902	0.00402900886382	0.0	0.0	0.00123456790123	0.000748502994012	0.000627746390458	0.000779423226812
k__Bacteria;p__Spirochaetes;c__GN05;o__IF025;f__;g__	0.0	0.00380228136882	0.00113765642776	0.00707338638373	0.0108303249097	0.0018779342723	0.0020366598778	0.0112676056338	0.00192864030858	0.00417246175243	0.0180315552216	0.0161160354553	0.00421052631579	0.0	0.00617283950617	0.0232035928144	0.00251098556183	0.0140296180826
k__Bacteria;p__Spirochaetes;c__GN05;o__LF030;f__;g__	0.0	0.0	0.0	0.0	0.0	0.0	0.0010183299389	0.0	0.0	0.00139082058414	0.0	0.00161160354553	0.0	0.0	0.000617283950617	0.0	0.00125549278092	0.000779423226812
k__Bacteria;p__Spirochaetes;c__GN05;o__LG048;f__;g__	0.0	0.00836501901141	0.0	0.0026525198939	0.00902527075812	0.00093896713615	0.0030549898167	0.0093896713615	0.00289296046287	0.00556328233658	0.00826446280992	0.00966962127317	0.00105263157895	0.00207684319834	0.0	0.00823353293413	0.000627746390458	0.00545596258769
k__Bacteria;p__Spirochaetes;c__GN05;o__LH041;f__;g__	0.0	0.0	0.0	0.0	0.0	0.0	0.0	0.0	0.0	0.0	0.0015026296018	0.00161160354553	0.0	0.0	0.0	0.000748502994012	0.0	0.000779423226812
k__Bacteria;p__Spirochaetes;c__GN05;o__SBYZ_6080;f__;g__	0.0	0.000760456273764	0.0	0.00176834659593	0.000902527075812	0.00093896713615	0.0010183299389	0.0018779342723	0.000964320154291	0.000695410292072	0.00450788880541	0.00564061240935	0.0	0.0	0.000617283950617	0.00149700598802	0.000627746390458	0.000779423226812
k__Bacteria;p__Spirochaetes;c__Spirochaetes;o__M2PT2-76;f__;g__	0.0	0.0	0.0	0.0	0.000902527075812	0.0	0.0010183299389	0.0	0.0	0.0	0.000751314800902	0.0	0.0	0.0	0.00617283950617	0.0	0.00188323917137	0.00233826968044
k__Bacteria;p__Spirochaetes;c__Spirochaetes;o__Spirochaetales;f__Spirochaetaceae;g__	0.0511124473842	0.0372623574144	0.06598407281	0.026525198939	0.043321299639	0.0262910798122	0.0539714867617	0.037558685446	0.0202507232401	0.0271210013908	0.030803906837	0.0354552780016	0.0347368421053	0.0176531671859	0.0691358024691	0.062125748503	0.0652856246077	0.0545596258769
k__Bacteria;p__Spirochaetes;c__Spirochaetes;o__Spirochaetales;f__Spirochaetaceae;g__Spirochaeta	0.00240529164161	0.0448669201521	0.00113765642776	0.0344827586207	0.0315884476534	0.0394366197183	0.0427698574338	0.0291079812207	0.0424300867888	0.0319888734353	0.0285499624343	0.0314262691378	0.0368421052632	0.0467289719626	0.0197530864198	0.0374251497006	0.0263653483992	0.0335151987529
k__Bacteria;p__Spirochaetes;c__[Brachyspirae];o__[Brachyspirales];f__A0-023;g__	0.0	0.00152091254753	0.0	0.000884173297966	0.0	0.00093896713615	0.0	0.0	0.00482160077146	0.000695410292072	0.0	0.0	0.00421052631579	0.00207684319834	0.0	0.0	0.0	0.0
k__Bacteria;p__Spirochaetes;c__[Brachyspirae];o__[Brachyspirales];f__Brachyspiraceae;g__	0.00360793746242	0.000760456273764	0.0028441410694	0.0	0.00180505415162	0.00093896713615	0.0010183299389	0.0018779342723	0.00192864030858	0.000695410292072	0.00375657400451	0.00564061240935	0.0	0.0	0.0104938271605	0.00673652694611	0.0100439422473	0.00545596258769
k__Bacteria;p__Spirochaetes;c__[Brevinematae];o__[Brevinematales];f__;g__	0.000601322910403	0.0	0.0	0.0	0.0	0.0	0.0	0.0	0.0	0.0	0.0	0.0	0.0	0.0	0.00123456790123	0.000748502994012	0.000627746390458	0.0
k__Bacteria;p__Spirochaetes;c__[Leptospirae];o__[Leptospirales];f__;g__	0.0	0.0	0.0	0.0	0.0	0.0	0.0	0.0	0.0	0.0	0.0	0.0	0.0	0.0	0.000617283950617	0.0	0.0	0.0
k__Bacteria;p__Spirochaetes;c__[Leptospirae];o__[Leptospirales];f__Leptospiraceae;g__Turneriella	0.0	0.0	0.0	0.0	0.0	0.0	0.0	0.0	0.0	0.0	0.0	0.0	0.0	0.0	0.00123456790123	0.0	0.0	0.0
k__Bacteria;p__Spirochaetes;c__[Leptospirae];o__[Leptospirales];f__Sediment-4;g__	0.0	0.00380228136882	0.0	0.00353669319187	0.00270758122744	0.00281690140845	0.0030549898167	0.00281690140845	0.000964320154291	0.00904033379694	0.00300525920361	0.00402900886382	0.0	0.0	0.00123456790123	0.00299401197605	0.00313873195229	0.00467653936087
k__Bacteria;p__Spirochaetes;c__[Leptospirae];o__[Leptospirales];f__Sediment-4;g__SJA-88	0.00120264582081	0.0	0.000568828213879	0.0	0.0	0.0	0.0	0.0	0.000964320154291	0.000695410292072	0.00300525920361	0.0	0.0	0.0	0.00246913580247	0.000748502994012	0.0	0.0
k__Bacteria;p__Synergistetes;c__Synergistia;o__Synergistales;f__Dethiosulfovibrionaceae;g__	0.0	0.0	0.0	0.0	0.0	0.0	0.0	0.0	0.0	0.0	0.0	0.0	0.0	0.0	0.00185185185185	0.0	0.0	0.00155884645362
k__Bacteria;p__TM6;c__SJA-4;o__;f__;g__	0.0	0.00152091254753	0.0	0.0	0.0	0.0018779342723	0.0010183299389	0.00093896713615	0.0	0.00139082058414	0.0	0.00161160354553	0.00105263157895	0.00311526479751	0.0	0.00299401197605	0.000627746390458	0.000779423226812
k__Bacteria;p__Thermotogae;c__Thermotogae;o__Thermotogales;f__Thermotogaceae;g__Geotoga	0.0	0.0	0.0	0.0	0.0	0.0	0.0	0.0	0.0	0.0	0.0	0.0	0.0	0.0	0.00123456790123	0.0	0.000627746390458	0.000779423226812
k__Bacteria;p__Thermotogae;c__Thermotogae;o__Thermotogales;f__Thermotogaceae;g__SC103	0.000601322910403	0.0	0.00113765642776	0.0	0.0	0.00093896713615	0.0	0.0	0.0	0.00208623087622	0.000751314800902	0.0	0.0	0.0	0.00246913580247	0.00299401197605	0.00188323917137	0.000779423226812
k__Bacteria;p__Verrucomicrobia;c__;o__;f__;g__	0.0	0.0	0.0	0.0	0.0	0.0	0.0020366598778	0.0	0.0	0.0	0.0	0.0	0.00105263157895	0.0	0.0	0.0	0.0	0.0
k__Bacteria;p__Verrucomicrobia;c__Opitutae;o__;f__;g__	0.0	0.0	0.0	0.0	0.0	0.0	0.0010183299389	0.0	0.0	0.0	0.0	0.0	0.0	0.0	0.0	0.000748502994012	0.0	0.0
k__Bacteria;p__Verrucomicrobia;c__Opitutae;o__Puniceicoccales;f__Puniceicoccaceae;g__	0.0	0.0	0.000568828213879	0.0	0.0	0.0	0.0	0.0	0.0	0.0	0.0	0.0	0.0	0.0	0.0	0.0	0.0	0.0
k__Bacteria;p__Verrucomicrobia;c__Opitutae;o__Puniceicoccales;f__Puniceicoccaceae;g__Puniceicoccus	0.000601322910403	0.0	0.000568828213879	0.0	0.0	0.0	0.0	0.0	0.0	0.000695410292072	0.0022539444027	0.00161160354553	0.0	0.0	0.0	0.000748502994012	0.000627746390458	0.0
k__Bacteria;p__Verrucomicrobia;c__Opitutae;o__[Cerasicoccales];f__[Cerasicoccaceae];g__	0.0	0.0	0.0	0.0	0.0	0.0	0.0	0.0	0.0	0.0	0.0	0.0	0.0	0.0	0.0	0.0	0.000627746390458	0.0
k__Bacteria;p__Verrucomicrobia;c__Verruco-5;o__;f__;g__	0.0	0.0	0.0	0.0	0.000902527075812	0.00093896713615	0.0010183299389	0.0	0.0	0.000695410292072	0.0	0.0	0.0	0.0	0.0	0.0	0.0	0.000779423226812
k__Bacteria;p__Verrucomicrobia;c__Verruco-5;o__LD1-PB3;f__;g__	0.000601322910403	0.000760456273764	0.0	0.0	0.0	0.0	0.0	0.0	0.0	0.0	0.0	0.0	0.0	0.0	0.0	0.0	0.0	0.0
k__Bacteria;p__Verrucomicrobia;c__Verruco-5;o__MSBL3;f__;g__	0.0	0.0	0.0	0.0	0.0	0.0	0.0	0.00093896713615	0.0	0.0	0.0	0.0	0.0	0.00103842159917	0.000617283950617	0.0	0.0	0.00155884645362
k__Bacteria;p__Verrucomicrobia;c__Verruco-5;o__R76-B128;f__;g__	0.0	0.0	0.0	0.0	0.0	0.0	0.0	0.0	0.0	0.0	0.0	0.0	0.0	0.0	0.0	0.0	0.000627746390458	0.0
k__Bacteria;p__Verrucomicrobia;c__Verruco-5;o__SS1-B-03-39;f__;g__	0.000601322910403	0.0	0.0	0.0	0.0	0.0	0.0	0.0	0.0	0.0	0.0	0.0	0.0	0.0	0.0	0.0	0.0	0.0
k__Bacteria;p__Verrucomicrobia;c__Verruco-5;o__WCHB1-41;f__;g__	0.0	0.0	0.0	0.0	0.000902527075812	0.0	0.0	0.0	0.0	0.0	0.000751314800902	0.0	0.0	0.0	0.0	0.0	0.0	0.000779423226812
k__Bacteria;p__Verrucomicrobia;c__Verrucomicrobiae;o__Verrucomicrobiales;f__Verrucomicrobiaceae;g__	0.0	0.0	0.0	0.0	0.0	0.0	0.0	0.0	0.0	0.0	0.0	0.0	0.0	0.0	0.0	0.0	0.000627746390458	0.0
k__Bacteria;p__Verrucomicrobia;c__Verrucomicrobiae;o__Verrucomicrobiales;f__Verrucomicrobiaceae;g__Verrucomicrobium	0.0	0.0	0.000568828213879	0.0	0.0	0.0	0.0	0.0	0.0	0.0	0.0	0.0	0.0	0.0	0.0	0.0	0.0	0.0
k__Bacteria;p__Verrucomicrobia;c__[Methylacidiphilae];o__Methylacidiphilales;f__LD19;g__	0.000601322910403	0.0	0.0	0.0	0.0	0.0	0.0	0.0	0.0	0.0	0.0	0.0	0.0	0.0	0.0	0.0	0.0	0.0
k__Bacteria;p__Verrucomicrobia;c__[Spartobacteria];o__[Chthoniobacterales];f__01D2Z36;g__	0.0	0.000760456273764	0.0	0.00176834659593	0.0	0.0	0.0010183299389	0.0018779342723	0.0	0.0	0.0	0.0	0.0	0.0	0.0	0.0	0.0	0.0
k__Bacteria;p__Verrucomicrobia;c__[Spartobacteria];o__[Chthoniobacterales];f__[Chthoniobacteraceae];g__Candidatus Xiphinematobacter	0.0	0.0	0.000568828213879	0.0	0.0	0.0	0.0	0.0	0.0	0.0	0.0	0.0	0.0	0.0	0.0	0.0	0.0	0.0
k__Bacteria;p__WS2;c__SHA-109;o__;f__;g__	0.0	0.0	0.0	0.000884173297966	0.0	0.0	0.0	0.00093896713615	0.0	0.0	0.0	0.000805801772764	0.0	0.0	0.0	0.0	0.0	0.000779423226812
k__Bacteria;p__WS3;c__PRR-12;o__GN03;f__;g__	0.0	0.0	0.0	0.0053050397878	0.0	0.00093896713615	0.0010183299389	0.0018779342723	0.0	0.000695410292072	0.0015026296018	0.0	0.0	0.00103842159917	0.0	0.0	0.0	0.0
k__Bacteria;p__WS3;c__PRR-12;o__GN03;f__KSB4;g__	0.0	0.00228136882129	0.0	0.00618921308576	0.0	0.0018779342723	0.0020366598778	0.00093896713615	0.00675024108004	0.00208623087622	0.0	0.000805801772764	0.00631578947368	0.00726895119418	0.0	0.0	0.0	0.0
k__Bacteria;p__WS3;c__PRR-12;o__PBS-III-9;f__;g__	0.0	0.000760456273764	0.0	0.00707338638373	0.00270758122744	0.0056338028169	0.0010183299389	0.0037558685446	0.00385728061716	0.00208623087622	0.000751314800902	0.00161160354553	0.00210526315789	0.0	0.00246913580247	0.00374251497006	0.00188323917137	0.00311769290725
k__Bacteria;p__WS3;c__PRR-12;o__SSS58A;f__;g__	0.0	0.000760456273764	0.0	0.0	0.0	0.0	0.0	0.0	0.0	0.0	0.0	0.0	0.00210526315789	0.0	0.0	0.0	0.0	0.0
k__Bacteria;p__WS3;c__PRR-12;o__Sediment-1;f__;g__	0.0	0.0	0.0	0.0	0.0	0.0	0.0	0.0	0.0	0.0	0.0	0.0	0.00105263157895	0.0	0.0	0.0	0.0	0.0
k__Bacteria;p__WS6;c__;o__;f__;g__	0.0	0.0	0.0	0.0	0.000902527075812	0.0	0.0	0.00093896713615	0.000964320154291	0.00347705146036	0.0	0.0	0.0	0.0	0.0	0.0	0.0	0.0
k__Bacteria;p__WS6;c__B142;o__;f__;g__	0.000601322910403	0.00760456273764	0.00113765642776	0.0159151193634	0.0117328519856	0.00845070422535	0.0112016293279	0.0178403755869	0.00289296046287	0.00486787204451	0.015026296018	0.00644641418211	0.00526315789474	0.00311526479751	0.0	0.00224550898204	0.0	0.00311769290725
k__Bacteria;p__ZB3;c__;o__;f__;g__	0.0	0.0	0.0	0.0	0.0	0.0	0.0	0.0	0.0	0.00278164116829	0.00525920360631	0.00241740531829	0.00105263157895	0.00103842159917	0.00185185185185	0.00149700598802	0.0	0.000779423226812
k__Bacteria;p__[Caldithrix];c__KSB1;o__GW-22;f__;g__	0.0	0.0585551330798	0.0	0.0689655172414	0.0902527075812	0.0366197183099	0.113034623218	0.0835680751174	0.0289296046287	0.0417246175243	0.0157776108189	0.0233682514102	0.0263157894737	0.0249221183801	0.0037037037037	0.000748502994012	0.00313873195229	0.00389711613406
k__Bacteria;p__[Caldithrix];c__KSB1;o__MSB-5B5;f__;g__	0.0	0.000760456273764	0.0	0.0	0.0	0.00093896713615	0.0010183299389	0.0	0.00289296046287	0.000695410292072	0.0	0.0	0.00105263157895	0.0	0.0	0.0	0.0	0.0
k__Bacteria;p__[Caldithrix];c__KSB1;o__WM105;f__;g__	0.0	0.000760456273764	0.0	0.0	0.0	0.0	0.0	0.0	0.0	0.0	0.0	0.0	0.00315789473684	0.00415368639668	0.0	0.0	0.0	0.000779423226812
k__Bacteria;p__[Thermi];c__Deinococci;o__Deinococcales;f__Trueperaceae;g__B-42	0.0	0.0	0.0	0.0	0.0	0.0	0.0	0.0	0.000964320154291	0.0	0.0	0.0	0.0	0.00103842159917	0.0	0.0	0.0	0.0
k__Bacteria;p__[Thermi];c__Deinococci;o__Deinococcales;f__Trueperaceae;g__GBI-58	0.0210463018641	0.0	0.0136518771331	0.0	0.0	0.0	0.0	0.0	0.0	0.0	0.0	0.0	0.0	0.0	0.00493827160494	0.000748502994012	0.00125549278092	0.0